11.921187
10.567042
10.170249
10.258700
10.250768
10.044524
9.882147
9.911975
9.896281
9.802968
9.810087
9.764841
9.744508
9.732125
9.737359
9.674066
9.707327
9.680939
9.645531
9.673388
9.730175
9.696660
9.665168
9.647091
9.640205
9.740493
9.736647
9.752522
9.743691
9.751211
9.754482
9.768360
9.741602
9.744988
9.795818
9.782952
9.771114
9.789878
9.824397
9.830271
9.806426
9.818419
9.806527
9.787545
9.790151
9.810066
9.806877
9.832566
9.827251
9.790604
9.803540
9.798520
9.785713
9.807233
9.815818
9.808799
9.811148
9.810821
9.815468
9.816684
9.808766
9.807558
9.799451
9.796011
9.792331
9.784374
9.787348
9.785237
9.778159
9.789765
9.781423
9.790046
9.796007
9.773880
9.766701
9.760074
9.753021
9.743957
9.737649
9.751548
9.762134
9.744589
9.743140
9.747429
9.760479
9.772857
9.779103
9.792314
9.794234
9.807768
9.816539
9.814605
9.811580
9.816481
9.809729
9.806817
9.801897
9.806112
9.796987
9.794422
9.777415
9.791218
9.785066
9.790824
9.778145
9.772223
9.774199
9.783322
9.782990
9.776877
9.772967
9.768131
9.768888
9.778861
9.783214
9.795962
9.794251
9.802708
9.799988
9.799855
9.847306
9.847610
9.841501
9.850489
9.844209
9.848735
9.843334
9.837089
9.845977
9.836336
9.844961
9.842134
9.839281
9.823813
9.819159
9.821806
9.817675
9.809436
9.805034
9.796337
9.809556
9.810573
9.809628
9.811555
9.811294
9.820249
9.827732
9.820680
9.811929
9.813893
9.812624
9.807197
9.800510
9.805122
9.810183
9.807568
9.804106
9.805961
9.797841
9.794089
9.796315
9.791520
9.792033
9.793669
9.796235
9.798467
9.803768
9.802438
9.805212
9.798718
9.806808
9.802070
9.793949
9.800745
9.796719
9.814419
9.816468
9.811841
9.811554
9.804919
9.808586
9.816842
9.817071
9.815045
9.811785
9.811877
9.807738
9.808255
9.806762
9.812035
9.810527
9.802910
9.799672
9.792538
9.796782
9.803094
9.805434
9.811984
9.809596
9.812897
9.815284
9.810802
9.824269
9.823178
9.818903
9.814192
9.811995
9.809887
9.808578
9.807428
9.801578
9.800863
9.797223
9.794613
9.793754
9.797997
9.803291
9.804043
9.815725
9.815493
9.816652
9.817390
9.811476
9.817056
9.815781
9.814001
9.815506
9.821931
9.825614
9.826198
9.826357
9.824180
9.818047
9.813291
9.808210
9.810528
9.808572
9.804043
9.800881
9.801437
9.806309
9.803057
9.801690
9.807931
9.810256
9.806209
9.802589
9.806154
9.806025
9.810551
9.811142
9.809694
9.807776
9.819833
9.819407
9.819037
9.815269
9.814997
9.814399
9.808409
9.813053
9.812641
9.807722
9.804794
9.798880
9.810237
9.807287
9.813127
9.809891
9.807267
9.810090
9.809738
9.811706
9.806020
9.803461
9.806306
9.808088
9.805391
9.808557
9.805480
9.804606
9.804115
9.805209
9.804316
9.797781
9.805846
9.799956
9.797733
9.797442
9.796375
9.797047
9.795534
9.796720
9.797858
9.799108
9.795447
9.797242
9.794258
9.793827
9.790089
9.789419
9.785856
9.787134
9.785349
9.780952
9.778607
9.775984
9.777340
9.774513
9.772341
9.770895
9.768634
9.765370
9.762362
9.760319
9.757570
9.757721
9.758055
9.759407
9.758857
9.757300
9.756413
9.758932
9.757487
9.760343
9.759267
9.759731
9.768689
9.770783
9.770401
9.768946
9.769127
9.768464
9.766639
9.768478
9.766176
9.764710
9.761712
9.772777
9.771058
9.768869
9.766214
9.763789
9.766677
9.765553
9.765224
9.762417
9.761918
9.761371
9.758070
9.760375
9.758784
9.761593
9.761460
9.762610
9.764010
9.764333
9.763753
9.765016
9.763667
9.762924
9.762861
9.762152
9.761720
9.765651
9.766193
9.770858
9.766799
9.767664
9.785681
9.786775
9.783961
9.782935
9.782306
9.784933
9.783750
9.789908
9.795137
9.795500
9.795106
9.794360
9.792674
9.793191
9.793591
9.789275
9.796421
9.793543
9.795838
9.795742
9.793252
9.793564
9.790628
9.790622
9.790992
9.793646
9.790991
9.789782
9.787602
9.785731
9.782641
9.782323
9.781448
9.780276
9.776787
9.777065
9.774985
9.776521
9.775425
9.774843
9.773593
9.774559
9.775830
9.775289
9.779066
9.778296
9.783113
9.781021
9.780068
9.779191
9.781274
9.783503
9.782497
9.781461
9.778985
9.777203
9.785039
9.781276
9.779135
9.776555
9.773721
9.773109
9.776622
9.777244
9.777172
9.775251
9.775119
9.775015
9.773821
9.771519
9.767303
9.764834
9.765616
9.768492
9.766531
9.765993
9.765276
9.765932
9.767028
9.765185
9.764963
9.766160
9.765100
9.762864
9.761508
9.760545
9.757971
9.759217
9.760601
9.762532
9.761121
9.760487
9.761646
9.763308
9.761751
9.762127
9.762960
9.761177
9.760367
9.760382
9.760722
9.757712
9.757002
9.755919
9.757989
9.756255
9.759795
9.760399
9.761155
9.761096
9.759749
9.757550
9.758200
9.758516
9.759170
9.761365
9.759864
9.761841
9.761362
9.761785
9.758991
9.761204
9.762278
9.769703
9.770010
9.769989
9.770209
9.768488
9.769263
9.769049
9.767971
9.767583
9.766881
9.767347
9.765034
9.763625
9.767235
9.765678
9.764861
9.763097
9.760836
9.759185
9.759548
9.758037
9.757076
9.759007
9.759115
9.759096
9.758387
9.758598
9.757899
9.757383
9.759174
9.760689
9.759681
9.759700
9.761988
9.760515
9.761503
9.763682
9.760644
9.760457
9.761090
9.761740
9.760601
9.763367
9.764589
9.764075
9.764458
9.765326
9.764917
9.764542
9.763949
9.763232
9.767282
9.769266
9.771808
9.772308
9.774203
9.772034
9.773775
9.773331
9.773054
9.772067
9.772678
9.771339
9.771032
9.770210
9.770580
9.771576
9.771653
9.769751
9.771656
9.771556
9.780759
9.780437
9.782516
9.782320
9.781605
9.781245
9.782262
9.782104
9.780830
9.784856
9.781727
9.783150
9.783158
9.783107
9.782333
9.781639
9.781522
9.780046
9.782504
9.781419
9.779415
9.780609
9.779640
9.778422
9.776570
9.775792
9.775907
9.773318
9.772328
9.772406
9.771476
9.773799
9.771278
9.773367
9.774734
9.771752
9.770462
9.773448
9.773396
9.773475
9.772038
9.771654
9.770223
9.771614
9.772439
9.771646
9.772081
9.772665
9.773235
9.772542
9.771954
9.770359
9.767699
9.767794
9.766435
9.765120
9.765137
9.763915
9.763304
9.761007
9.761923
9.763020
9.763922
9.762212
9.763192
9.764828
9.766581
9.766720
9.766565
9.767747
9.766266
9.765636
9.764880
9.763374
9.764420
9.764034
9.765190
9.769363
9.771411
9.771564
9.772068
9.771652
9.770750
9.770352
9.769586
9.768558
9.767596
9.769143
9.771082
9.770304
9.769235
9.770322
9.769954
9.769092
9.768530
9.767895
9.766597
9.767367
9.767505
9.770037
9.768165
9.766608
9.766605
9.766711
9.765698
9.765432
9.765442
9.763997
9.762662
9.761787
9.762239
9.762158
9.760743
9.759102
9.757815
9.756225
9.755929
9.754845
9.753864
9.756803
9.758305
9.758936
9.758389
9.757421
9.756086
9.754715
9.756271
9.757034
9.756696
9.756644
9.756695
9.757419
9.757449
9.756849
9.758279
9.757090
9.756125
9.756429
9.757909
9.756878
9.755891
9.756923
9.755424
9.754437
9.753663
9.754012
9.753067
9.752171
9.751222
9.751366
9.750191
9.762362
9.762967
9.764540
9.765532
9.768170
9.769390
9.771482
9.770963
9.770201
9.771243
9.772527
9.773204
9.773241
9.772292
9.770181
9.767995
9.768675
9.768227
9.768833
9.772816
9.773331
9.774366
9.773867
9.773803
9.773905
9.772873
9.772440
9.772279
9.770961
9.770277
9.769662
9.770100
9.770623
9.771304
9.770880
9.770410
9.769763
9.771637
9.770652
9.770152
9.772884
9.771685
9.771342
9.771099
9.769690
9.770725
9.768880
9.778268
9.781983
9.779894
9.779258
9.780120
9.780087
9.778730
9.779955
9.780723
9.779304
9.778611
9.779375
9.780048
9.779611
9.780183
9.779778
9.778631
9.778421
9.778347
9.777606
9.776348
9.775438
9.774201
9.774929
9.780540
9.781114
9.782473
9.782140
9.780620
9.781670
9.783229
9.783701
9.782611
9.783313
9.781894
9.781153
9.780589
9.778716
9.776882
9.777585
9.777558
9.779085
9.777520
9.778872
9.779022
9.778022
9.777696
9.776016
9.776135
9.775959
9.775803
9.773705
9.772905
9.773087
9.771403
9.771599
9.773142
9.772534
9.771617
9.771656
9.770320
9.768981
9.768849
9.770311
9.769936
9.768956
9.767430
9.767743
9.765456
9.765333
9.764839
9.763405
9.763569
9.764790
9.767405
9.766143
9.765469
9.766866
9.767369
9.767104
9.767445
9.768300
9.767253
9.767910
9.769317
9.770312
9.769974
9.770562
9.771070
9.770007
9.768385
9.768585
9.770109
9.769120
9.768493
9.768108
9.768341
9.769536
9.768768
9.769556
9.769235
9.767245
9.768318
9.767874
9.768960
9.771084
9.771077
9.771104
9.771288
9.772250
9.772405
9.770958
9.769245
9.770123
9.770214
9.770472
9.769609
9.769002
9.769419
9.770053
9.769816
9.772060
9.771894
9.773670
9.773729
9.775161
9.773800
9.773613
9.773724
9.772361
9.772796
9.773397
9.773351
9.774185
9.773146
9.772492
9.772366
9.771126
9.770272
9.770142
9.769153
9.769500
9.768186
9.768118
9.767235
9.766796
9.766172
9.765698
9.767010
9.767620
9.768106
9.767264
9.768176
9.769861
9.769922
9.769593
9.769294
9.768380
9.767519
9.767533
9.768374
9.766535
9.766979
9.770844
9.770614
9.769565
9.768898
9.769419
9.770272
9.771022
9.771278
9.771499
9.771152
9.770439
9.770129
9.769604
9.768254
9.767057
9.769108
9.768810
9.769668
9.771675
9.776059
9.776164
9.775072
9.776301
9.778360
9.778834
9.778288
9.777594
9.777316
9.777458
9.776557
9.776493
9.775389
9.774855
9.774311
9.773607
9.774133
9.773504
9.773512
9.772162
9.770996
9.772097
9.774142
9.773699
9.775540
9.775986
9.775762
9.778038
9.777886
9.778628
9.779343
9.778633
9.780175
9.780989
9.781481
9.781837
9.782250
9.781553
9.780544
9.780496
9.781506
9.780748
9.786639
9.786148
9.788270
9.789583
9.788989
9.788362
9.787986
9.788265
9.788052
9.789695
9.791279
9.796208
9.794832
9.793953
9.791985
9.791714
9.789970
9.788699
9.787278
9.788212
9.788117
9.787077
9.786889
9.785842
9.785874
9.785670
9.785176
9.785431
9.784663
9.784428
9.784809
9.783657
9.784695
9.784080
9.785875
9.787112
9.787639
9.788311
9.788126
9.788650
9.788589
9.787670
9.788870
9.790645
9.789703
9.789412
9.790172
9.789392
9.789478
9.788786
9.788526
9.787569
9.788235
9.788170
9.787720
9.787604
9.786810
9.789138
9.789755
9.789648
9.789202
9.788697
9.789369
9.788976
9.789810
9.789977
9.790990
9.790114
9.791292
9.790384
9.791132
9.790573
9.790887
9.790057
9.790012
9.789888
9.790503
9.789967
9.788926
9.788933
9.789359
9.789873
9.789417
9.791144
9.791742
9.792381
9.791828
9.792205
9.791130
9.792222
9.791249
9.790886
9.791015
9.792028
9.791552
9.791404
9.790593
9.790538
9.788896
9.788517
9.788689
9.789008
9.788839
9.788386
9.788059
9.787366
9.787485
9.787339
9.786497
9.786681
9.787382
9.786486
9.785116
9.785412
9.785539
9.785245
9.785307
9.784828
9.784629
9.784887
9.784484
9.783816
9.784411
9.783443
9.783176
9.783577
9.782386
9.782132
9.783604
9.783014
9.784406
9.783869
9.783105
9.783431
9.782084
9.781306
9.781260
9.781000
9.780937
9.779786
9.780489
9.780038
9.780758
9.779933
9.779459
9.778483
9.779266
9.779181
9.778633
9.777889
9.777474
9.777560
9.777005
9.776934
9.777018
9.776418
9.776607
9.776793
9.775715
9.774573
9.774813
9.774260
9.774298
9.774045
9.774438
9.774085
9.775039
9.774732
9.774660
9.774022
9.773199
9.773671
9.771904
9.772229
9.771663
9.773097
9.773305
9.772218
9.773085
9.773470
9.772647
9.772801
9.772351
9.771621
9.771611
9.770617
9.770729
9.770139
9.768984
9.769349
9.768649
9.767760
9.766891
9.766723
9.766489
9.766768
9.767534
9.767384
9.767133
9.767314
9.767598
9.767011
9.766917
9.767140
9.766853
9.766380
9.766262
9.767362
9.766873
9.767677
9.769659
9.769766
9.769332
9.768705
9.768815
9.768918
9.769025
9.770009
9.771940
9.771185
9.772106
9.771654
9.770985
9.771783
9.771073
9.771072
9.771148
9.771165
9.770129
9.769402
9.769324
9.769165
9.770073
9.770466
9.770947
9.770124
9.769598
9.769351
9.770142
9.770558
9.770388
9.770412
9.769401
9.770134
9.770643
9.770358
9.770157
9.769970
9.770085
9.769437
9.770220
9.770335
9.770120
9.769395
9.770278
9.771886
9.771133
9.770859
9.770677
9.772769
9.773499
9.772999
9.773871
9.773818
9.773719
9.773614
9.773498
9.773346
9.772908
9.773833
9.773586
9.772530
9.773171
9.771936
9.771634
9.771547
9.771910
9.772273
9.771087
9.771219
9.771868
9.771390
9.771555
9.771150
9.771567
9.772143
9.772333
9.771723
9.771647
9.770960
9.770860
9.771546
9.771122
9.771274
9.771789
9.770588
9.770054
9.770495
9.769351
9.768347
9.768965
9.769593
9.769339
9.768451
9.768818
9.770748
9.771017
9.770859
9.770561
9.772105
9.771854
9.771997
9.772413
9.772509
9.772979
9.772856
9.773401
9.772424
9.773633
9.772724
9.772568
9.772368
9.772907
9.773284
9.772610
9.772227
9.771592
9.771485
9.771459
9.771922
9.771181
9.770829
9.770154
9.769818
9.769900
9.769074
9.768550
9.768332
9.768213
9.767739
9.767052
9.766996
9.768500
9.768278
9.768420
9.767741
9.767188
9.769271
9.768311
9.767465
9.766664
9.765989
9.766144
9.765624
9.766430
9.766899
9.768514
9.767733
9.766566
9.766206
9.766150
9.766287
9.765799
9.766208
9.765902
9.765967
9.766284
9.765810
9.765326
9.765567
9.766690
9.766069
9.767084
9.766700
9.766806
9.766775
9.768093
9.768551
9.767815
9.767787
9.767510
9.767398
9.767577
9.767396
9.767361
9.767587
9.767567
9.767116
9.768105
9.768258
9.768326
9.767076
9.767046
9.766659
9.766986
9.766802
9.765742
9.764936
9.764546
9.764715
9.764362
9.763608
9.764200
9.765291
9.765053
9.764429
9.764074
9.764297
9.764591
9.765407
9.766495
9.766551
9.765760
9.765664
9.769158
9.769363
9.769294
9.770094
9.769636
9.768975
9.768343
9.768599
9.769595
9.769280
9.769097
9.771025
9.770190
9.770074
9.769687
9.769235
9.769009
9.768989
9.768862
9.768787
9.768587
9.768224
9.767686
9.767354
9.767665
9.767473
9.767778
9.767353
9.767009
9.767471
9.767452
9.766901
9.766505
9.766315
9.765947
9.765643
9.765385
9.764721
9.764876
9.764918
9.764369
9.764121
9.764057
9.764473
9.764698
9.764673
9.764809
9.764972
9.765260
9.765555
9.764620
9.764719
9.764534
9.764447
9.763827
9.763143
9.763032
9.762475
9.763075
9.763336
9.762531
9.762083
9.762198
9.761978
9.761528
9.762283
9.762187
9.761926
9.762528
9.762313
9.762618
9.762646
9.762057
9.761605
9.761079
9.760665
9.760713
9.760681
9.760242
9.760220
9.759863
9.759624
9.759830
9.759998
9.759948
9.758695
9.758196
9.758509
9.757972
9.757414
9.758010
9.756850
9.756927
9.756929
9.756344
9.755837
9.755598
9.756819
9.758218
9.757832
9.758111
9.759601
9.759154
9.758796
9.759306
9.758411
9.757810
9.757771
9.757246
9.756647
9.756024
9.755995
9.755619
9.755538
9.754876
9.755001
9.754583
9.755383
9.755216
9.755026
9.754331
9.754219
9.754613
9.756202
9.756229
9.756170
9.757301
9.757826
9.757501
9.757892
9.757417
9.757435
9.756749
9.757366
9.756971
9.757014
9.757082
9.756366
9.757727
9.757325
9.757122
9.757361
9.756914
9.757056
9.757313
9.758416
9.758745
9.758782
9.758375
9.758365
9.758718
9.758156
9.758340
9.758625
9.758413
9.757956
9.758253
9.757728
9.757265
9.756928
9.756426
9.756327
9.755442
9.755179
9.755326
9.754636
9.756356
9.755998
9.756171
9.756505
9.755684
9.755286
9.756478
9.755773
9.756382
9.755917
9.755022
9.755370
9.756186
9.760508
9.760269
9.759994
9.759793
9.758837
9.758368
9.758221
9.758162
9.758099
9.758420
9.758193
9.758243
9.758058
9.758145
9.759512
9.759260
9.759950
9.759329
9.758997
9.758897
9.758131
9.757990
9.757889
9.757492
9.757469
9.756636
9.756844
9.757223
9.757779
9.757552
9.757889
9.757961
9.757966
9.758445
9.758066
9.758780
9.758822
9.758325
9.758650
9.758046
9.758181
9.758035
9.760755
9.760977
9.761532
9.761280
9.761718
9.761940
9.761294
9.761615
9.761693
9.761430
9.761119
9.760956
9.761275
9.761473
9.762185
9.761539
9.761816
9.761105
9.760923
9.760313
9.760174
9.760408
9.760242
9.760389
9.760562
9.759896
9.759915
9.759748
9.759741
9.759440
9.758928
9.758720
9.758462
9.758332
9.757600
9.757344
9.756941
9.756825
9.756407
9.756060
9.756340
9.755880
9.755427
9.755190
9.754667
9.754862
9.754674
9.754786
9.754398
9.754704
9.754183
9.753941
9.754388
9.754808
9.754674
9.754399
9.753837
9.753333
9.752930
9.752458
9.752765
9.753004
9.752528
9.752270
9.751765
9.752002
9.751858
9.751085
9.750545
9.750426
9.751027
9.751819
9.751252
9.750406
9.751427
9.752790
9.752944
9.753390
9.754004
9.754235
9.754355
9.755354
9.755606
9.755328
9.755697
9.755542
9.755371
9.755170
9.755193
9.754846
9.754512
9.754406
9.753937
9.755695
9.755954
9.755533
9.755269
9.755411
9.756085
9.755808
9.755773
9.755427
9.755577
9.756154
9.755410
9.754810
9.753945
9.753652
9.753179
9.753545
9.753338
9.753546
9.753207
9.753024
9.752881
9.752929
9.752537
9.752753
9.752490
9.752827
9.752753
9.752868
9.752365
9.752089
9.751645
9.752585
9.752278
9.752261
9.752263
9.751886
9.751191
9.750767
9.750796
9.750018
9.752098
9.752385
9.752213
9.752100
9.753097
9.754666
9.754481
9.754156
9.754275
9.754791
9.754735
9.754738
9.754615
9.755499
9.755041
9.755585
9.756424
9.757925
9.757653
9.757874
9.757726
9.757177
9.756756
9.756187
9.755708
9.755299
9.755489
9.756053
9.755899
9.755453
9.755178
9.755045
9.754805
9.754933
9.755057
9.754910
9.755225
9.755592
9.755158
9.754833
9.754711
9.755254
9.754995
9.754610
9.754411
9.754411
9.753982
9.753792
9.754392
9.753871
9.754490
9.754408
9.754241
9.754311
9.755577
9.755013
9.755255
9.754570
9.754243
9.754463
9.755049
9.754840
9.754783
9.755373
9.755339
9.755572
9.755270
9.755025
9.755129
9.755564
9.755031
9.754513
9.754992
9.754790
9.755667
9.756114
9.755631
9.756733
9.759002
9.759162
9.759300
9.759236
9.759562
9.759319
9.759129
9.759301
9.759718
9.760519
9.760712
9.760529
9.760695
9.760902
9.761366
9.761494
9.761322
9.760685
9.760572
9.760763
9.761560
9.761179
9.761102
9.761591
9.762066
9.762611
9.763325
9.763454
9.763473
9.762959
9.763207
9.763113
9.762281
9.762634
9.762461
9.762309
9.762142
9.761970
9.761672
9.761428
9.761496
9.761652
9.761520
9.761399
9.762112
9.761425
9.761414
9.761201
9.761675
9.761376
9.761081
9.761193
9.760846
9.760556
9.759895
9.759427
9.759120
9.759417
9.760415
9.760164
9.760033
9.760227
9.759792
9.759718
9.759446
9.759209
9.759483
9.759837
9.759453
9.758702
9.758172
9.758736
9.757934
9.757866
9.757950
9.757704
9.757426
9.756531
9.756001
9.755359
9.755852
9.756131
9.756714
9.756854
9.756961
9.757485
9.757848
9.757707
9.757392
9.757272
9.757637
9.757539
9.757816
9.758324
9.758138
9.758127
9.757652
9.757355
9.757007
9.756186
9.756359
9.755995
9.755755
9.755806
9.755238
9.754718
9.755202
9.755329
9.755643
9.755136
9.755296
9.755024
9.754797
9.754418
9.754628
9.754288
9.754059
9.754539
9.755363
9.755759
9.755908
9.756175
9.755608
9.755291
9.755145
9.754530
9.755133
9.754751
9.754395
9.754721
9.754956
9.754731
9.754804
9.754329
9.755030
9.754921
9.754824
9.756215
9.755830
9.756414
9.756659
9.756283
9.756083
9.755634
9.755282
9.754692
9.754287
9.754083
9.753924
9.753979
9.753870
9.754207
9.754473
9.753790
9.753824
9.754052
9.753858
9.753260
9.753154
9.753005
9.752415
9.753069
9.753086
9.752941
9.752478
9.751777
9.752369
9.752360
