11.921187
9.212897
9.376663
10.524053
10.219038
9.013306
8.907881
10.120778
9.770727
8.963153
9.881269
9.267144
9.500512
9.571136
9.810645
8.724667
10.239509
9.232344
9.008188
10.202661
10.865916
8.992835
8.972364
9.231320
9.474923
12.247697
9.636643
10.181167
9.496418
9.969294
9.852610
10.198567
8.885363
9.856704
11.524053
9.332651
9.344933
10.484135
11.136131
10.059365
8.852610
10.310133
9.307062
8.971341
9.904811
10.706244
9.660184
11.039918
9.572160
7.994882
10.450358
9.542477
9.119754
10.947799
10.279427
9.422723
9.942682
9.792221
10.084954
9.888434
9.333675
9.733879
9.296827
9.579324
9.556807
9.267144
9.983623
9.643808
9.296827
10.590583
9.197544
10.402252
10.225179
8.158649
9.235415
9.263050
9.216991
9.046059
9.245650
10.849539
10.609007
8.323439
9.624360
10.103378
10.856704
10.824974
10.316274
10.941658
9.963153
11.012282
10.605937
9.638690
9.533265
10.272262
9.175026
9.530194
9.329580
10.214944
8.902764
9.540430
8.076766
11.185261
9.157625
10.383828
8.459570
9.150461
9.983623
10.759468
9.747185
9.110542
9.342886
9.231320
9.853634
10.905834
10.279427
11.262027
9.595701
10.792221
9.479017
9.784033
15.541453
9.884340
9.096213
10.955988
9.065507
10.414534
9.162743
9.044012
10.983623
8.592631
10.966223
9.471853
9.462641
7.766633
9.195496
10.179120
9.255885
8.680655
9.197544
8.587513
11.660184
9.953941
9.675537
10.087001
9.773797
11.118731
10.920164
8.784033
8.516888
10.106448
9.622313
8.987718
8.784033
10.510747
10.589560
9.402252
9.264074
10.097236
8.514841
9.197544
10.152508
9.019447
9.875128
10.060389
10.216991
10.166837
10.683726
9.580348
10.271238
8.701126
11.182190
8.991812
8.397134
10.976459
9.096213
12.911975
10.177073
8.992835
9.760491
8.617195
10.468782
11.311157
9.858751
9.444217
9.211873
9.829069
9.037871
9.904811
9.526100
10.808598
9.524053
8.348004
9.178096
8.415558
10.620266
11.033777
10.264074
11.102354
9.336745
10.469806
10.292733
8.909928
12.544524
9.601842
8.946776
8.848516
9.359263
9.373593
9.536336
9.567042
8.573183
9.649949
9.025589
9.238485
9.610031
10.710338
10.946776
9.967247
12.362334
9.764585
10.071648
9.980553
8.498465
11.061412
9.530194
9.413511
10.155578
11.280450
10.665302
9.960082
9.862845
9.321392
8.395087
8.705220
8.619243
10.355169
9.346981
8.730809
9.048106
9.934493
10.975435
9.019447
9.470829
11.324463
10.377687
8.814739
8.911975
10.686796
9.773797
10.937564
9.959058
9.446264
9.324463
12.870010
9.711361
9.724667
8.850563
9.745138
9.660184
8.256909
11.020471
9.705220
8.518936
9.034800
8.237462
12.819857
9.022518
11.372569
8.942682
9.101331
10.572160
9.714432
10.346981
8.253838
9.102354
10.588536
10.299898
9.058342
10.688843
8.946776
9.559877
9.666325
10.113613
9.551689
7.941658
12.104401
8.115660
9.159672
9.713408
9.488229
9.991812
9.355169
10.143296
10.131013
10.166837
8.715455
10.328557
8.907881
9.665302
8.672467
9.588536
8.713408
10.172979
9.244626
8.444217
9.063460
8.973388
10.193449
8.903787
9.101331
9.322416
9.065507
8.747185
8.820880
9.118731
8.891505
9.805527
9.863869
10.189355
9.583419
9.258956
9.471853
10.570113
9.290686
10.685773
9.409417
9.910952
12.698055
10.457523
9.644831
9.288639
9.829069
9.548618
9.158649
10.382805
8.994882
9.272262
8.751279
13.512794
9.188332
9.024565
8.860798
8.934493
10.757421
9.378710
9.651996
8.791198
9.588536
9.571136
8.605937
10.567042
9.200614
10.750256
9.714432
10.169908
10.261003
9.879222
9.556807
10.216991
9.279427
9.495394
9.740020
9.505629
9.604913
11.196520
9.964176
11.477994
8.277380
10.085977
16.433982
10.191402
8.740020
9.401228
9.547595
10.767656
9.339816
12.105425
11.766633
9.932446
9.645855
9.510747
9.150461
9.990788
9.946776
8.132037
12.547595
8.682702
10.683726
9.758444
8.824974
9.915046
8.642784
9.788127
9.936540
10.839304
8.742068
9.311157
8.922211
9.040942
8.549642
9.655067
9.430911
9.309110
8.370522
9.889458
8.932446
10.400205
9.329580
9.537359
9.262027
10.170931
10.297851
9.552712
11.338792
9.459570
11.781986
8.910952
9.382805
9.412487
10.654043
10.719550
9.359263
9.343910
8.731832
9.021494
13.115660
8.178096
8.864893
8.672467
8.557830
9.509724
11.290686
10.046059
9.746162
8.941658
9.717503
9.729785
9.251791
8.763562
7.916070
8.678608
10.110542
11.039918
8.897646
9.527124
9.446264
10.058342
10.256909
8.939611
9.665302
10.305015
9.286592
8.752303
9.147390
9.323439
8.586489
10.327533
10.393040
10.646878
9.113613
9.468782
10.295803
10.531218
9.040942
9.936540
10.150461
8.930399
9.381781
9.767656
9.920164
8.342886
9.422723
9.244626
10.736950
8.934493
11.441146
10.048106
10.121801
9.732856
9.114637
8.702149
10.070624
9.910952
10.074719
10.823951
9.031730
10.722620
9.528147
9.968270
8.393040
10.845445
10.289662
13.422723
9.921187
9.759468
9.879222
8.915046
10.154555
9.662231
9.230297
9.573183
9.415558
10.001024
8.601842
9.053224
11.590583
8.977482
9.351075
8.866940
8.610031
8.917093
9.944729
8.984647
9.264074
10.751279
9.814739
9.749232
9.392016
9.867963
9.395087
9.489253
10.691914
10.551689
9.232344
9.769703
10.963153
8.985670
10.282497
10.914023
8.153531
9.661208
10.097236
10.107472
9.153531
11.240532
10.418628
9.488229
9.970317
10.232344
9.544524
9.561924
9.443193
9.374616
11.966223
10.848516
11.157625
10.045036
10.810645
8.583419
10.729785
9.529171
9.620266
9.227226
10.110542
9.029683
9.600819
9.313204
9.976459
10.327533
9.814739
8.704197
10.840328
9.715455
14.962129
9.598772
10.957011
9.671443
9.376663
9.576254
10.361310
9.691914
9.053224
12.088025
7.988741
10.599795
9.788127
9.753327
9.335722
9.380757
9.713408
8.924258
11.210850
9.149437
8.611054
10.477994
9.212897
9.064483
8.689867
9.318321
9.843398
8.245650
9.187308
9.818833
9.220061
11.153531
8.271238
11.018424
10.590583
7.988741
8.997953
11.564995
9.742068
9.820880
8.905834
9.539406
8.904811
10.614125
10.273286
9.289662
10.036847
10.128966
10.121801
9.348004
9.411464
8.791198
8.132037
9.825998
8.928352
8.951894
9.775844
9.006141
9.383828
8.332651
10.332651
10.447288
10.327533
8.691914
10.377687
10.792221
10.868987
9.854657
9.668373
10.514841
8.829069
9.366428
9.284545
8.805527
10.430911
9.517912
10.503582
12.440123
11.083930
9.870010
10.096213
9.503582
9.189355
9.512794
9.274309
9.102354
9.143296
10.774821
11.032753
9.263050
9.071648
10.481064
9.529171
9.203685
9.399181
9.350051
8.910952
10.275333
9.858751
11.446264
8.527124
8.732856
9.764585
9.837257
9.090072
9.587513
9.772774
8.795292
8.866940
9.174002
10.066530
9.707267
8.805527
8.649949
8.886387
8.678608
9.554759
9.017400
9.085977
11.761515
10.784033
10.190379
9.383828
9.093142
8.839304
8.811668
10.828045
10.283521
9.523030
9.720573
9.792221
10.259980
9.777892
9.339816
10.754350
8.927329
9.081883
9.969294
10.795292
9.032753
9.062436
10.483112
8.699079
9.057318
9.206755
10.001024
9.082907
9.115660
9.076766
9.853634
8.912999
18.452405
10.195496
10.890481
10.476970
11.662231
10.646878
11.277380
9.397134
9.220061
10.524053
10.702149
10.264074
9.800409
9.081883
8.233367
8.175026
10.265097
9.440123
10.212897
12.691914
10.151484
10.535312
9.406346
9.726714
9.849539
9.010235
9.451382
9.653019
8.793245
9.262027
9.312180
10.096213
10.160696
10.280450
9.453429
9.418628
9.284545
11.179120
9.029683
9.394063
11.832139
8.866940
9.511771
9.587513
8.701126
10.556807
8.366428
16.922211
12.613101
8.186285
9.292733
10.440123
9.754350
8.737973
10.720573
10.371546
8.686796
9.244626
10.368475
10.300921
9.441146
10.223132
9.465711
8.887410
9.615148
9.720573
9.199591
8.794268
9.063460
8.805527
10.345957
14.185261
10.232344
10.851586
9.519959
8.581372
10.611054
11.016377
10.157625
8.918117
10.340839
8.654043
9.191402
9.330604
8.284545
8.311157
10.339816
9.756397
11.003071
8.520983
10.865916
9.899693
8.972364
9.514841
8.418628
9.872057
9.633572
9.648925
8.070624
9.121801
9.921187
8.399181
9.931423
11.033777
9.275333
9.020471
9.803480
8.673490
8.668373
9.660184
10.975435
9.460594
8.959058
8.505629
10.026612
7.870010
9.663255
9.354145
8.570113
9.900716
10.783009
11.950870
8.711361
9.200614
10.937564
10.189355
9.544524
10.054248
10.488229
8.885363
10.322416
10.958035
10.612078
9.483112
10.269191
10.202661
8.866940
8.387922
9.938588
11.070624
8.924258
9.232344
9.438076
9.968270
10.795292
9.108495
10.447288
9.493347
8.051177
10.694985
9.383828
10.708291
11.611054
9.764585
9.794268
9.931423
10.609007
9.907881
8.508700
8.274309
10.537359
9.849539
9.996929
9.012282
9.236438
10.136131
10.327533
9.560901
11.751279
9.625384
11.343910
9.825998
11.044012
8.566018
9.607984
9.872057
8.559877
10.159672
10.310133
9.731832
10.519959
8.843398
9.186285
9.659161
8.658137
9.002047
9.653019
8.878199
10.082907
8.581372
9.706244
8.968270
9.369498
9.199591
9.335722
10.960082
10.322416
10.210850
8.998976
10.600819
11.310133
9.825998
9.467758
9.495394
8.929376
8.976459
9.779939
10.543501
8.070624
10.177073
13.341863
9.557830
8.798362
9.150461
10.252815
10.562948
10.468782
10.009212
9.977482
9.447288
9.104401
9.480041
9.278403
8.503582
8.643808
11.694985
9.489253
10.577277
11.662231
13.909928
9.875128
8.743091
10.938588
11.728762
10.228250
9.259980
9.118731
9.512794
9.911975
8.918117
9.715455
8.721597
9.264074
9.253838
9.099284
10.278403
9.169908
9.780962
8.472876
8.648925
10.833163
11.747185
9.345957
11.555783
10.207779
9.558854
11.985670
9.630502
10.499488
10.474923
9.087001
11.283521
10.576254
10.262027
10.129990
10.186285
9.098260
8.791198
9.732856
10.774821
9.034800
15.589560
9.301945
11.882293
11.087001
9.201638
9.167861
9.414534
10.065507
9.576254
11.422723
11.367451
14.706244
8.422723
8.916070
7.825998
9.520983
8.044012
8.515865
8.361310
10.726714
9.691914
8.741044
9.597748
8.730809
9.817810
9.579324
9.285568
10.044012
9.006141
9.546571
10.171955
8.613101
10.840328
9.157625
11.615148
11.049130
10.325486
10.474923
9.598772
10.325486
9.725691
8.845445
11.020471
11.616172
8.819857
9.489253
10.574207
8.984647
9.878199
9.072671
9.519959
8.796315
10.479017
9.720573
9.320368
9.666325
8.960082
12.214944
10.433982
9.677584
9.323439
9.259980
10.493347
9.376663
10.665302
9.965200
10.855681
8.867963
11.031730
8.833163
10.580348
9.200614
10.122825
8.911975
9.742068
9.659161
10.442170
9.221085
8.682702
9.796315
10.242579
10.337769
9.302968
11.635619
10.430911
10.475947
9.199591
10.196520
8.637666
10.965200
8.745138
9.400205
9.930399
10.883316
9.278403
9.631525
8.914023
9.730809
8.011259
9.376663
9.975435
10.136131
9.604913
9.295803
9.431934
9.031730
9.917093
9.628454
8.865916
9.987718
10.554759
8.804504
8.282497
10.110542
9.925281
9.461617
9.853634
9.256909
9.564995
10.069601
9.339816
9.045036
10.442170
8.711361
9.487206
10.228250
8.459570
9.499488
11.421699
9.125896
11.336745
9.184237
8.930399
10.147390
8.275333
8.909928
9.728762
9.490276
9.709314
8.486182
10.572160
9.272262
10.591607
8.849539
9.243603
8.676561
10.664278
9.682702
9.158649
8.933470
9.307062
9.875128
9.145343
9.697032
9.872057
9.092119
9.992835
9.988741
8.543501
8.468782
10.049130
9.141249
9.817810
9.483112
10.226203
9.367451
10.873081
9.421699
9.691914
9.036847
8.822927
10.319345
7.727738
10.148414
9.115660
11.437052
10.014330
8.509724
10.780962
10.221085
8.814739
9.951894
9.247697
8.918117
9.760491
8.606960
9.902764
9.078813
8.413511
10.197544
8.946776
8.722620
8.743091
9.569089
9.491300
10.095189
10.672467
9.590583
9.469806
9.981576
10.104401
9.070624
9.655067
10.031730
9.425793
9.203685
9.626407
11.077789
9.183214
10.727738
12.138178
9.898669
9.248721
9.018424
9.900716
9.892528
9.897646
10.951894
12.095189
8.861822
10.882293
9.226203
8.964176
10.735926
8.911975
9.769703
9.863869
9.791198
8.513818
8.886387
9.675537
9.575230
10.875128
10.249744
10.357216
8.765609
9.127943
9.466735
10.737973
10.279427
9.561924
9.800409
8.528147
10.670420
10.396111
9.419652
9.523030
9.539406
9.911975
8.970317
10.736950
9.911975
9.504606
8.872057
10.863869
11.765609
8.837257
9.430911
9.544524
12.374616
10.682702
9.149437
10.861822
9.707267
9.649949
9.642784
9.628454
9.582395
9.224156
10.934493
9.463664
8.446264
10.578301
8.219038
9.390993
9.662231
10.229273
10.230297
8.273286
9.937564
10.593654
9.165814
9.980553
9.257932
10.300921
10.503582
10.013306
8.995906
9.675537
8.895599
9.642784
10.646878
9.229273
9.966223
10.429887
8.234391
9.084954
10.335722
8.301945
8.480041
10.561924
10.578301
9.442170
8.624360
10.241556
12.261003
10.117707
9.567042
9.385875
11.769703
9.446264
9.958035
10.311157
9.897646
10.383828
9.612078
10.483112
8.500512
11.349028
8.587513
9.569089
9.510747
10.476970
10.266121
8.890481
9.270215
8.939611
9.631525
9.736950
10.380757
8.796315
9.307062
8.881269
9.327533
9.878199
8.678608
9.076766
9.480041
9.610031
9.140225
8.856704
9.692938
11.764585
9.472876
9.957011
8.865916
9.030706
12.543501
8.488229
8.639713
8.697032
8.863869
9.973388
9.069601
10.846469
10.395087
11.934493
8.719550
8.198567
9.282497
9.691914
9.949846
9.108495
10.318321
9.353122
9.853634
10.193449
9.125896
9.109519
10.093142
11.287615
8.924258
11.144319
9.244626
9.911975
9.724667
11.561924
10.392016
8.764585
9.728762
9.389969
9.614125
10.012282
9.519959
9.719550
10.076766
9.741044
9.147390
11.126919
9.977482
9.862845
8.047083
9.724667
9.233367
10.218014
9.513818
8.301945
8.650972
9.224156
9.998976
9.276356
8.718526
10.584442
11.279427
9.435005
8.897646
9.269191
10.075742
10.172979
10.903787
11.283521
9.845445
8.660184
9.631525
14.657114
10.057318
9.671443
10.892528
9.126919
8.841351
8.880246
10.127943
11.170931
9.326510
9.510747
12.489253
8.591607
9.606960
9.222108
9.131013
9.448311
9.741044
9.588536
9.663255
9.484135
9.253838
9.002047
9.295803
10.209826
9.494371
10.202661
9.160696
9.276356
10.426817
9.741044
8.978506
9.199591
9.495394
9.237462
9.329580
9.396111
8.810645
9.987718
9.824974
8.975435
9.406346
9.672467
10.363357
10.090072
9.727738
9.962129
10.000000
10.182190
10.192426
8.410440
9.907881
9.496418
9.637666
8.862845
8.769703
9.600819
8.951894
10.637666
10.143296
8.587513
9.108495
9.930399
9.440123
9.103378
10.866940
9.622313
9.378710
10.645855
9.447288
10.209826
9.804504
8.895599
9.096213
8.986694
9.149437
9.831116
9.714432
9.111566
9.727738
9.232344
9.405322
10.065507
10.008188
9.686796
7.898669
9.017400
10.223132
8.960082
8.927329
10.644831
8.027636
9.873081
9.759468
8.883316
8.997953
9.398158
11.583419
11.852610
9.180143
10.175026
11.994882
9.089048
9.220061
10.526100
8.412487
8.853634
9.699079
8.965200
8.854657
8.814739
9.713408
9.186285
9.633572
8.753327
9.943705
9.121801
10.968270
9.502559
9.465711
8.699079
9.583419
10.354145
12.175026
9.797339
9.665302
11.482088
10.558854
9.262027
10.355169
9.030706
9.785056
8.707267
10.702149
9.151484
9.822927
9.861822
8.656090
11.850563
9.138178
9.445241
10.124872
9.068577
9.975435
10.153531
11.461617
10.267144
9.815763
9.129990
9.742068
10.305015
8.887410
10.044012
10.201638
9.428864
9.047083
10.221085
8.939611
9.036847
9.231320
8.974411
9.601842
8.373593
9.344933
9.985670
8.674514
12.448311
9.195496
10.027636
10.279427
8.467758
9.131013
11.628454
8.647902
10.713408
9.024565
8.344933
10.305015
11.041965
16.580348
9.383828
9.325486
9.442170
8.246673
9.015353
9.525077
9.664278
9.659161
10.268168
9.397134
9.838280
9.463664
9.896622
11.935517
9.357216
10.859775
8.769703
9.228250
9.599795
8.533265
9.533265
9.596725
9.120778
9.721597
8.420676
10.091095
10.365404
10.649949
9.394063
10.298874
9.874104
9.765609
10.530194
9.147390
10.909928
9.827021
8.954964
10.284545
8.781986
9.975435
9.522006
14.167861
10.120778
10.661208
9.352098
10.472876
10.123849
8.710338
10.284545
9.887410
9.333675
9.254862
9.494371
10.282497
10.084954
10.924258
8.705220
10.215967
8.596725
9.463664
8.760491
9.532242
10.144319
9.487206
10.001024
10.045036
8.664278
9.791198
9.485159
9.749232
9.263050
8.914023
9.414534
9.332651
9.543501
8.546571
9.333675
9.090072
9.563971
9.063460
9.181167
10.220061
8.992835
9.001024
9.361310
8.884340
10.080860
9.441146
9.940635
9.107472
10.266121
8.883316
9.350051
10.501535
10.457523
9.530194
9.293756
8.812692
8.906858
9.077789
8.960082
10.267144
10.155578
8.951894
9.318321
8.900716
10.151484
9.508700
8.447288
8.839304
9.549642
10.766633
11.091095
8.792221
8.318321
11.480041
12.063460
10.013306
10.510747
10.797339
10.146366
9.959058
11.454452
10.183214
9.282497
10.383828
9.491300
9.464688
9.411464
9.794268
9.162743
9.182190
9.574207
8.949846
12.767656
10.200614
9.033777
9.301945
9.997953
10.914023
9.280450
9.694985
9.160696
10.013306
10.751279
8.472876
8.718526
8.261003
9.248721
8.935517
10.386899
9.394063
10.113613
9.166837
9.436029
9.504606
9.835210
9.073695
10.127943
9.293756
10.338792
9.624360
9.952917
8.876151
9.272262
8.977482
11.392016
9.216991
9.721597
9.756397
9.092119
8.535312
9.008188
9.801433
8.385875
13.401228
10.255885
9.449335
9.553736
11.506653
12.514841
9.427840
9.182190
9.964176
10.664278
9.656090
9.759468
9.538383
11.317298
8.945752
10.717503
11.241556
12.415558
9.276356
10.149437
9.494371
8.783009
9.009212
8.745138
8.904811
9.026612
10.094166
10.759468
9.483112
8.960082
9.264074
9.517912
9.325486
9.983623
9.977482
9.491300
10.319345
10.412487
8.977482
9.171955
9.536336
10.730809
9.288639
9.062436
9.398158
9.754350
8.980553
9.411464
10.836233
8.814739
10.871034
9.605937
9.452405
9.881269
12.045036
8.733879
10.193449
8.514841
9.161720
10.153531
10.816786
9.375640
9.651996
10.827021
9.693961
10.178096
9.206755
9.309110
9.943705
10.549642
8.781986
8.808598
10.629478
9.386899
11.358240
10.574207
8.872057
11.773797
13.916070
10.053224
10.012282
9.641760
10.357216
9.312180
9.411464
10.074719
10.527124
11.235415
10.115660
9.423746
10.067554
10.142272
10.618219
9.997953
9.443193
8.582395
9.551689
10.113613
11.238485
9.055271
9.617195
10.670420
10.642784
10.774821
11.090072
10.003071
9.799386
8.805527
10.225179
9.587513
8.211873
10.421699
9.438076
9.479017
9.450358
9.441146
9.203685
9.305015
9.888434
10.055271
9.512794
9.535312
11.099284
8.471853
9.741044
9.360287
10.653019
9.199591
9.204708
9.973388
9.107472
9.212897
8.512794
8.876151
9.180143
10.320368
11.646878
9.285568
9.512794
10.126919
8.935517
9.620266
9.243603
9.310133
10.279427
10.431934
9.028659
8.331627
8.750256
10.831116
8.232344
9.627431
9.918117
9.289662
9.226203
8.048106
8.743091
8.529171
10.699079
10.289662
10.871034
10.025589
9.963153
10.761515
10.453429
9.487206
9.153531
9.525077
10.460594
9.569089
10.290686
10.734903
9.401228
9.736950
8.841351
9.184237
9.084954
8.171955
10.090072
9.052201
9.291709
9.854657
8.656090
8.747185
10.691914
10.003071
10.364381
8.770727
10.066530
9.226203
9.313204
9.018424
10.161720
9.092119
9.308086
10.690890
11.362334
10.528147
10.047083
10.276356
8.647902
9.136131
9.468782
8.551689
10.936540
9.005118
9.058342
10.393040
10.216991
9.312180
9.898669
8.819857
11.134084
9.539406
9.563971
12.496418
8.996929
10.907881
10.239509
9.014330
9.360287
8.870010
9.059365
8.588536
8.953941
9.350051
9.439099
9.861822
9.538383
10.422723
10.282497
8.397134
9.821904
10.206755
9.368475
8.563971
9.542477
9.455476
8.577277
11.057318
9.787103
9.462641
8.828045
8.352098
10.935517
9.733879
