10.337188
6.854375
6.145937
8.271562
8.082187
6.845313
6.589688
7.502187
7.244688
7.342187
6.896250
7.128125
7.153125
6.302187
7.300000
6.666875
6.947188
7.227500
7.698125
6.886250
7.945312
7.090000
6.307812
7.129375
7.856562
10.570312
6.578750
6.937812
6.908437
7.625938
6.936562
8.094375
7.076875
7.246562
8.739375
6.619688
7.015000
8.081250
7.860000
8.001563
6.823125
7.239687
7.387812
6.558750
9.039687
8.050625
7.099062
8.678125
7.210625
6.544062
7.747813
6.697813
7.141250
9.002812
7.955000
7.099375
8.950938
7.279375
7.307188
7.245000
6.550625
7.211563
7.195938
7.245938
6.533437
6.520000
6.911250
8.422187
7.162500
9.030625
6.798750
7.222812
8.259375
6.367500
6.725000
7.179375
6.806875
6.662500
6.811875
8.642812
7.435937
6.227500
6.218438
6.876563
7.930000
8.370313
7.828750
7.563125
8.135938
8.482188
7.119688
7.212500
7.113125
8.381250
7.355625
7.028125
6.337500
8.015313
7.095000
6.857812
6.703437
7.111875
7.260625
7.253125
6.828125
7.164375
6.987188
7.291250
7.014062
6.373437
6.986250
7.377500
8.075313
7.330938
7.534063
7.524687
7.844375
8.437188
7.351562
7.773438
12.285937
7.635937
6.896562
7.582500
6.770937
7.825938
7.191250
7.695625
8.158437
6.111875
8.206250
6.519063
6.247187
6.050000
7.896250
7.077187
6.882500
6.664688
6.969688
5.984375
9.518750
7.089688
7.188750
7.557812
7.588750
10.046250
7.708437
6.715000
6.335312
7.584688
7.851875
7.277500
6.313125
7.924375
8.177188
7.365000
7.541250
6.849375
6.853750
6.715000
7.992813
6.631875
6.699375
6.809062
6.588750
6.806250
7.849687
7.050625
6.497187
6.301875
8.373750
6.598125
7.169375
7.622500
6.961250
10.600625
8.039687
6.538125
7.736875
6.603125
7.086563
9.048438
7.292187
7.098438
6.980937
7.369375
6.247813
8.241875
6.633125
6.898750
8.124063
6.336875
6.749375
6.673750
7.917187
8.160312
6.822813
9.612500
7.153750
8.140313
7.266563
6.498125
11.040938
6.893438
6.235625
6.920312
7.357812
7.120938
7.152500
7.213438
6.964375
7.465625
6.888125
7.189375
8.845937
8.085625
7.823437
7.068125
9.714375
6.400625
6.350937
7.590625
6.619375
9.452813
7.350000
7.401250
7.350000
8.040313
7.548438
6.292187
7.712500
6.622500
7.236250
6.306250
7.293437
8.492188
7.810937
7.430625
7.172813
7.933438
8.167188
6.715312
7.025625
7.763125
8.606563
6.948750
6.546875
8.618125
6.845313
8.425000
7.076562
7.258750
6.992188
9.533437
7.360000
7.054688
6.740312
6.979687
8.257500
6.478438
8.249688
7.754062
6.174062
7.125000
6.028750
10.520625
7.168437
9.114062
7.169688
6.547187
8.783125
7.384375
7.785625
6.407188
6.643438
8.338750
7.354063
7.008438
7.757187
7.090625
6.793437
6.970937
8.236250
7.723125
6.356562
9.729688
6.913750
7.486562
6.650625
6.950000
6.747813
7.518750
8.321563
8.017812
7.836563
6.430313
7.407500
6.969688
8.624688
7.728125
6.986562
7.305937
7.617813
7.004688
7.264062
7.028437
6.843438
7.094062
6.925937
7.425937
6.685313
7.090625
7.333125
7.479687
6.527188
6.886875
7.489375
7.166250
7.684062
7.535312
7.313438
6.690000
6.791875
7.802500
7.626250
7.066250
8.701875
9.915000
7.410938
6.784375
6.637187
8.319062
7.580938
7.502187
8.100000
6.905000
6.572188
7.237500
11.118438
7.140937
7.310000
6.907813
6.945000
7.869063
7.854063
8.015625
7.118750
6.576250
6.471250
6.115312
8.064063
6.970313
7.643438
7.317188
6.985938
8.725625
8.180312
7.746562
8.357188
6.824063
7.207813
7.308438
7.684062
7.160312
8.033125
7.061250
7.415938
6.711563
7.278437
13.919375
7.299688
6.426250
7.105313
7.473750
8.803437
7.669375
11.056250
8.646875
6.764687
7.006563
7.512812
6.915625
7.424062
7.522812
6.546563
10.088125
6.334062
7.905312
7.804688
7.172187
7.474687
6.023125
7.590312
6.860000
7.808125
7.127813
6.884688
7.098125
7.538125
7.476250
7.566562
6.657813
6.482188
6.796563
8.159375
7.152188
8.441562
6.163437
6.944375
7.978438
8.023125
8.535937
7.590937
7.819687
7.931563
10.053437
6.031250
7.861875
6.883125
8.249688
6.989063
7.536250
6.737188
6.900000
7.635000
10.748437
6.646875
6.863437
6.464062
6.792187
7.439375
8.346875
7.410625
7.138438
6.508438
7.199375
7.013125
6.555313
6.758438
7.018750
7.047187
7.714375
7.122813
7.526250
8.191250
7.173438
7.821562
7.312500
7.033437
7.458125
7.416250
7.982812
7.390313
7.216563
7.047187
6.650000
8.235312
8.583125
7.564063
7.296875
7.990938
6.471563
7.876250
6.546250
8.160937
7.753438
6.469688
7.478125
6.674688
8.405313
6.899063
6.673125
7.180937
7.666250
6.912500
8.710000
7.042187
7.735938
6.341875
7.345000
6.338750
7.080312
7.023750
7.969375
8.160312
6.951250
7.318437
7.220313
6.995000
6.089688
7.682812
6.977812
11.051562
7.561250
6.700312
7.293750
6.705312
7.382500
7.117188
6.957500
6.697500
6.104063
8.048438
6.400938
6.946250
9.075000
7.338125
6.671563
7.384375
6.839375
6.877187
7.470313
7.477812
7.283437
7.650000
8.075938
7.157500
6.897500
6.747500
7.040938
7.570000
10.298125
7.252500
7.348438
7.820625
6.946250
6.971875
6.839062
6.271250
7.112813
7.076875
7.903125
7.844688
7.259688
8.757500
7.308750
6.905312
7.172813
9.163125
7.133750
7.103750
6.766875
6.640937
8.568125
8.703437
8.887187
7.974375
8.476250
6.420312
8.229375
6.949687
7.014687
6.987188
7.419688
7.837187
6.366250
6.545312
7.528750
9.041875
7.063125
6.620000
7.235313
7.183438
12.736562
7.458437
8.736250
7.867188
7.263750
6.817812
7.256875
6.473125
6.475937
9.165313
6.643438
7.491250
6.620625
7.777500
6.796250
7.469375
6.830625
6.667813
9.399688
7.543437
6.583750
7.559687
7.784063
7.025938
7.095313
7.382812
6.515000
6.721875
7.289375
6.650000
7.115000
9.355625
6.861562
8.136250
8.171563
6.880312
6.897500
9.006875
7.547500
8.324687
6.855313
7.349062
7.508125
6.943750
8.046563
7.054688
7.606562
6.759688
6.980313
7.269063
6.945312
6.960000
6.708125
7.007500
6.197500
6.564687
8.195625
7.657500
6.503438
6.029063
7.615000
7.390937
7.320625
6.713750
7.945312
7.665000
8.848437
7.379375
7.073750
7.796563
7.237188
7.573125
7.916250
6.480625
6.275313
6.283750
7.504688
9.908125
8.380937
7.370312
6.807188
7.499375
7.183125
8.496875
7.179062
7.285938
6.638438
8.302812
10.438125
7.320312
6.385000
8.141250
7.947813
7.153437
7.078750
6.220313
6.798750
7.574375
7.839688
8.249063
7.065938
6.947500
7.374062
6.364687
6.637500
7.210625
6.902500
6.057812
6.495625
7.100000
7.549375
7.353438
6.712500
6.680000
7.425625
6.482500
7.315313
6.709375
7.268750
8.432187
7.241250
7.293437
6.876875
6.929062
6.709062
6.891250
9.040625
7.366875
6.883438
6.725625
7.416250
8.365312
6.818437
7.017812
7.983437
6.980937
7.455000
8.158125
7.493125
6.806875
6.973125
6.960000
6.911875
6.582813
7.070000
8.697812
7.743437
7.001250
7.144375
7.133750
6.986562
15.126563
7.133438
7.284375
7.742500
10.049375
7.381563
8.347500
7.487188
7.083125
7.852188
8.342187
7.613750
7.445938
6.955938
6.581563
6.810000
7.535312
6.999375
6.859687
11.127500
7.024375
7.699687
7.450625
6.773125
6.459062
7.316250
7.202813
8.038750
6.997187
6.379375
6.971563
7.882187
7.134062
7.289688
6.434687
7.434375
7.380937
9.265000
7.042187
6.536250
10.809688
6.436250
8.079062
7.093750
6.812188
8.007188
6.249375
14.918125
9.928750
6.880312
6.992188
7.896562
7.136875
6.099062
7.393750
8.163125
7.040938
7.251563
8.672500
7.318750
6.983125
7.506875
7.181875
6.370625
7.236562
6.921875
6.902188
6.370625
7.106875
6.949687
7.316562
12.763438
7.316250
7.888125
7.627813
7.118125
8.280938
8.271562
7.492813
7.392812
7.993437
6.620312
7.266563
7.639062
6.856562
5.984063
6.897188
6.862188
7.563438
6.872813
9.080312
7.326562
6.491562
7.518750
7.902188
9.242812
6.588125
6.680625
6.316250
8.129687
7.814063
6.906250
7.881250
8.096562
6.940938
6.842500
6.941562
7.803125
6.729375
7.459688
7.588438
7.985625
6.567500
6.530625
8.301562
6.629688
6.879688
6.788125
6.336250
7.102812
7.494063
9.094687
6.725625
7.298125
8.170938
8.447812
7.559687
7.060000
8.589688
7.387500
7.901250
6.971250
8.916875
6.840625
7.236250
7.287500
6.999062
6.570000
7.377187
8.663125
6.531875
6.931250
7.315000
7.229063
8.131250
6.214688
8.614688
7.946875
6.702500
8.648438
7.729063
8.306563
9.758437
6.620938
7.423125
6.519687
8.543125
7.228750
6.616875
6.520000
8.650625
6.129062
7.735625
6.362188
6.656250
7.095937
7.507500
6.778437
9.774688
7.621250
9.952188
6.893438
8.540313
6.937500
7.145313
7.939687
6.840937
8.275937
8.370938
6.750312
7.780938
6.456250
6.193125
6.520937
7.159375
7.056250
8.196250
6.997500
8.058750
6.263438
7.320625
6.384375
6.615312
7.008750
7.112813
8.074375
7.353125
7.980625
6.443437
7.641250
8.866875
6.749688
6.232188
6.696250
6.623437
7.552500
7.242188
7.205625
6.213438
7.404375
11.785000
6.846563
7.200938
7.240312
7.240938
7.777812
7.494375
7.471563
7.166250
6.928750
7.011250
6.997500
6.740625
6.363437
6.831250
9.090938
7.235938
6.467500
8.195312
10.166875
7.638750
6.611875
7.947500
8.985625
7.252187
7.112500
8.399375
7.244688
6.746875
6.620625
6.858437
6.934687
7.394375
6.735938
6.769063
7.652188
7.720000
7.901562
6.767188
6.334375
7.363437
8.757812
6.973438
8.942500
7.540938
7.178750
8.950938
7.416875
8.772500
7.552187
7.104375
7.375000
8.744375
7.100625
7.350625
7.765937
6.821562
6.244063
7.786250
7.931563
7.994063
13.185625
7.582813
7.050313
8.482812
6.958750
7.530938
7.767812
7.060625
7.528750
9.590625
8.350000
11.959687
6.282813
6.718438
5.823125
7.695312
7.034375
6.376250
6.695625
8.162500
7.359063
6.773438
6.995312
6.661875
7.051875
7.080625
7.826562
7.910625
6.688750
7.560937
7.078125
6.892812
8.075625
7.157188
9.397187
8.393437
8.124375
7.701875
7.014062
7.482812
7.745938
6.468750
8.425313
8.802812
6.811562
7.073750
7.855313
5.929688
7.113750
7.735625
7.590312
6.547500
6.810000
7.319063
7.759375
7.672500
6.761563
9.905625
7.041875
7.695000
6.989375
7.224375
7.556250
7.047187
7.440313
7.498437
7.681250
7.122187
8.174062
7.423438
7.155625
7.334062
7.424688
6.471250
7.767188
7.835625
7.390000
6.507500
6.430625
7.889687
8.307187
7.027188
7.886875
8.982188
7.208750
7.353125
6.382812
7.901250
6.888125
7.468750
7.388438
7.013438
7.499375
7.336250
7.087500
6.878125
6.645625
7.229375
6.091563
7.414375
7.746875
8.201562
6.145937
7.446250
7.520313
7.287187
7.648438
6.425937
6.707813
7.192500
7.569063
6.354375
6.267188
7.669062
7.266250
7.340000
8.217813
6.616562
7.279375
7.147188
7.336875
7.212187
7.304062
6.917187
7.076875
7.881563
7.630625
6.842187
8.849063
6.853750
7.485625
7.226875
6.620938
7.933438
6.239687
6.548438
6.781250
8.257188
8.985312
6.538750
7.360938
6.154063
7.332187
6.424688
7.003750
7.370000
7.022188
7.207813
6.811250
7.176875
7.259375
7.687188
7.117188
7.747500
7.400000
7.189375
7.099687
7.276250
6.575312
7.019063
6.816875
6.930000
7.233437
7.151875
7.100937
7.118437
8.715938
7.309375
6.922813
7.910938
6.511563
8.169063
6.664688
7.061250
6.915625
8.337188
7.673438
5.741875
8.637500
8.328750
7.212813
8.135312
6.899375
6.537187
6.909688
6.780625
7.548438
6.976875
6.987188
7.225000
7.042500
6.333750
7.067188
7.585625
6.875938
7.411562
7.415938
6.633125
7.329063
7.617500
6.830000
7.600313
7.731250
8.051562
7.146875
6.360000
7.306875
7.131250
7.232500
8.973437
10.080625
7.280000
7.076562
6.716875
7.434062
7.416250
7.042500
7.467187
8.150937
6.638750
7.920625
6.560625
6.549375
7.833437
7.159063
7.540938
7.951250
7.747500
7.333750
6.460312
7.203750
7.522188
7.536250
8.132812
8.196563
7.230000
7.170937
7.753750
8.698125
7.544375
6.995000
6.346563
6.458125
8.981250
7.539688
7.551563
6.458125
7.049375
7.605000
6.713438
8.170625
7.423125
7.178125
6.670000
7.239375
11.331563
6.636250
7.300313
7.229375
9.877812
8.228750
7.340312
7.475000
7.361562
7.219688
7.365000
7.515625
7.696875
7.578125
8.405313
7.102812
6.295625
8.917813
6.986875
8.009688
6.265937
7.060625
7.257187
6.951562
7.755625
6.989063
7.149687
7.332813
6.768438
7.621875
8.405625
7.595937
7.189687
6.890313
7.217500
6.400625
6.954688
7.254375
7.410938
9.189687
6.686250
6.395000
7.966563
6.993750
6.571250
8.010000
7.500625
7.452500
7.082813
9.204688
9.963125
8.276563
7.244375
7.471250
7.983750
7.877813
6.785625
8.956875
7.784375
7.274375
6.844062
8.665313
6.918437
7.945000
6.939687
7.076875
7.444063
7.465625
7.553125
6.851250
7.854687
7.208125
7.074063
7.173125
7.096250
6.805313
7.045312
6.645625
7.314687
6.748750
7.070312
6.430000
7.521250
7.196875
7.180000
7.422813
6.697500
8.685937
7.331875
7.653437
7.084375
6.587813
9.729375
6.333437
5.985313
6.182812
7.730000
8.088750
6.469062
8.962813
7.349062
7.914375
6.875000
6.565000
7.083125
7.588750
7.292813
7.136563
6.701250
7.234063
7.415312
7.215625
7.144063
6.576875
6.600313
7.759062
6.780312
7.849062
6.676875
7.244688
7.572500
8.024375
7.139687
6.787187
7.899063
6.509375
7.342812
7.710000
6.301250
6.675000
7.536250
7.290000
7.206563
8.469687
7.074375
7.959375
6.602500
7.111875
6.678438
7.554688
7.023438
6.599375
6.950625
7.458125
9.009063
6.939063
6.313750
7.081250
7.486875
7.714688
6.755000
6.313438
6.954688
6.992813
8.205937
9.437500
6.785000
6.499062
7.379375
12.942187
8.717813
7.084375
7.744063
7.759062
7.098750
6.673438
6.789375
8.879062
6.662187
6.589375
9.407187
6.671875
7.103125
6.882500
7.067812
7.231250
6.665938
7.354687
7.386875
7.362500
7.323750
7.362188
8.184062
7.332813
6.877813
8.186250
6.947188
6.913437
7.692812
6.784063
7.021250
6.882500
7.911875
6.947188
6.733750
7.703437
7.181250
8.105625
7.722812
6.533437
6.488125
7.573437
8.401250
6.454375
7.801250
7.660625
7.972812
7.157188
7.964375
6.563125
7.420937
8.030000
6.802187
6.585938
7.452500
7.563438
6.866250
9.091563
7.108125
7.117500
6.827500
7.757500
6.734063
6.840937
8.906562
7.081563
8.580000
7.968438
6.944687
7.985938
8.125625
6.639375
6.288125
7.006563
6.802500
7.128750
7.622187
6.981562
7.122813
7.523125
7.300313
7.031250
7.914375
8.887500
6.401875
6.428750
7.466250
6.528437
6.612813
7.459062
6.611562
6.550937
8.106563
7.536250
6.641250
7.213438
8.697500
9.263438
7.546563
6.762812
10.675625
6.728438
6.979375
8.060937
6.218438
7.295625
6.584062
6.677187
6.527188
6.739375
7.152188
7.522188
7.893125
6.432188
7.008750
7.096250
9.062188
5.948437
6.687500
6.819375
8.293437
8.119687
10.878750
7.818125
7.101875
9.009375
8.182813
6.600937
8.141250
6.883750
7.710938
6.531562
7.803438
8.816562
7.500000
7.549375
6.590312
9.282500
6.959688
6.904687
7.390937
7.056875
7.004375
7.117813
8.520625
7.538125
7.418437
6.627500
7.210938
7.520000
7.258438
8.065000
7.017500
7.396562
6.599687
7.082500
6.557188
6.825938
8.588750
6.966875
7.138438
6.627187
7.055000
7.324375
7.071562
9.004062
7.234063
7.014375
7.560937
6.667813
6.305625
10.168750
6.311875
6.595625
6.837813
6.790938
7.158125
9.602500
15.195312
7.331563
7.421250
6.924375
8.064063
6.521250
7.542813
7.688750
7.032500
8.495625
6.865938
7.533125
7.153437
8.032187
9.021562
6.954375
7.572188
6.865625
6.955938
8.435937
6.527188
8.152812
7.051563
7.919375
7.517500
6.922500
8.210000
6.657813
8.814063
7.077187
7.568750
6.732188
6.794062
7.520625
6.681250
8.401563
6.955938
7.197188
7.255312
6.803125
7.501250
7.109687
12.582187
7.192500
9.510000
7.582813
7.361875
6.750000
6.336250
8.307500
7.402500
6.779687
6.999062
6.883125
7.176250
7.712500
7.537500
7.209375
8.013438
6.685937
6.571250
6.692500
7.446562
7.686250
6.829375
7.767188
7.004062
6.196875
7.786562
7.002500
7.694063
7.745312
6.958125
7.089062
7.345313
8.453750
7.898750
6.702500
6.574063
7.042187
7.432188
7.064375
7.837187
6.680313
7.079375
7.052187
6.809062
7.771875
6.360938
7.265937
6.962813
8.430312
7.191562
7.128125
7.758125
7.516563
7.553750
7.951875
6.848750
6.402500
6.263438
6.729063
8.689375
7.963125
6.593125
7.072188
6.890313
8.266875
7.377813
7.307500
6.486562
7.337500
8.980313
7.810313
7.081563
7.273125
10.804063
8.314375
8.180000
7.295000
7.580625
8.021250
7.244063
10.146875
7.626875
7.118750
6.924062
6.662500
6.840937
7.287813
7.149063
7.232812
6.716563
6.608437
6.655312
9.601250
6.730313
7.595000
6.865625
6.649063
7.515625
6.891563
7.972188
7.190938
6.675937
6.928750
6.893125
6.618750
7.440938
6.909688
6.643125
7.515625
6.443437
7.393125
6.756563
7.479687
7.168125
7.554688
6.385313
7.355313
6.923750
6.985313
6.912500
8.062500
7.084062
6.944063
6.491875
8.417188
6.582500
7.515625
6.883438
7.167187
6.820938
6.609375
6.770313
6.783437
12.272813
8.133125
6.370312
7.703125
9.568125
8.823125
7.152812
6.439063
7.355937
8.358438
7.410625
7.395625
6.704063
8.475000
6.857188
8.372813
8.476875
10.390000
6.446250
7.084375
7.766250
6.908437
6.610625
6.675313
6.584688
7.301250
6.506563
7.803438
7.765937
6.894687
7.112188
6.868125
6.092187
7.806250
7.724062
7.085938
8.704062
7.003438
6.903125
6.756875
7.040625
7.110313
6.670625
7.004062
8.165625
7.431875
7.429062
7.764687
8.937812
6.980937
8.863125
7.877813
6.740938
6.537813
9.826562
6.693125
7.706250
6.807188
7.443437
7.252813
7.210312
7.448750
7.076875
8.003125
7.266875
7.104687
7.203750
7.109375
7.394375
8.465312
6.730313
7.140313
7.696875
7.173438
8.852500
8.888125
6.619375
9.943437
12.156562
8.050000
6.970313
7.334375
8.014375
6.573125
7.540938
7.301563
7.328437
10.057500
7.340937
6.748437
7.531875
7.705312
8.176562
7.061875
6.670625
6.240625
6.476250
7.816562
8.122188
6.369375
8.194062
7.700000
6.999688
8.385938
8.029375
7.334375
7.971875
7.394375
6.699375
7.470000
6.521562
7.407500
7.093125
7.640937
7.395625
7.265937
6.655000
7.420625
6.978438
8.132188
7.655625
6.439375
8.277500
6.667813
8.499375
8.034375
8.720625
6.776562
7.196250
6.506563
6.754688
7.291563
6.639062
7.749375
6.957813
7.146250
8.591875
6.347188
6.601875
7.103125
6.978438
6.822813
7.636563
5.903437
6.677500
7.387812
7.136875
6.163437
6.551250
8.070000
6.272812
7.369688
7.326250
7.174375
6.605625
6.965312
7.253125
6.802187
8.139062
8.153438
7.805625
7.280625
7.366250
8.389375
6.804688
6.875938
6.709062
6.605313
7.901875
7.199375
8.380625
8.509688
6.810000
7.331563
6.714688
7.725937
6.343125
6.462187
7.707813
7.297500
7.010625
7.050937
6.524687
7.182500
7.310937
6.474687
7.159688
7.144375
7.857812
7.055313
7.609063
6.404063
8.596875
7.395625
7.041563
8.216875
8.131250
8.480625
7.317188
7.448125
6.587500
7.285938
7.927500
6.556250
9.125312
7.248750
7.012500
6.516563
8.631250
6.968438
7.265313
6.830312
8.390000
7.275313
7.635313
8.827500
6.980937
8.350312
7.653125
7.458437
7.643750
6.650625
6.414062
7.652188
7.443437
6.651250
6.629375
6.876875
7.733125
7.703125
9.303125
6.747187
7.402500
8.023438
8.583750
6.614063
6.962187
7.422500
6.597812
8.504062
7.213750
7.778750
7.455000
7.171563
8.426562
7.236562
