# Square_LIN_in,Zero_One_LIN_in,Zero_One_LIN_out,Zero_One_LOGREG_out,Zero_One_LIN_outlier_out,Zero_One_LOGREG_outlier_out
2.057170371069484971e-01 2.343750000000000000e-02 2.148437500000000000e-02 3.149414062500000000e-02 2.490234375000000000e-02 2.392578125000000000e-02
1.717531150982979926e-01 1.953125000000000000e-02 2.441406250000000000e-02 2.709960937500000000e-02 2.661132812500000000e-02 2.636718750000000000e-02
1.987224977287123662e-01 3.125000000000000000e-02 2.172851562500000000e-02 2.880859375000000000e-02 2.563476562500000000e-02 2.954101562500000000e-02
1.917872522893024345e-01 1.953125000000000000e-02 2.490234375000000000e-02 2.514648437500000000e-02 2.978515625000000000e-02 2.490234375000000000e-02
1.956570099846196009e-01 2.734375000000000000e-02 2.246093750000000000e-02 2.880859375000000000e-02 2.563476562500000000e-02 2.148437500000000000e-02
2.092526211511628598e-01 1.171875000000000000e-02 2.075195312500000000e-02 1.928710937500000000e-02 2.343750000000000000e-02 1.977539062500000000e-02
1.879870637403560363e-01 1.562500000000000000e-02 2.563476562500000000e-02 2.612304687500000000e-02 3.198242187500000000e-02 2.490234375000000000e-02
1.909720418846271583e-01 1.171875000000000000e-02 1.928710937500000000e-02 2.270507812500000000e-02 1.928710937500000000e-02 2.099609375000000000e-02
2.155095473161167396e-01 2.343750000000000000e-02 2.221679687500000000e-02 2.709960937500000000e-02 3.198242187500000000e-02 2.709960937500000000e-02
1.910510124806283072e-01 1.562500000000000000e-02 2.490234375000000000e-02 2.001953125000000000e-02 2.587890625000000000e-02 1.977539062500000000e-02
2.021149207678958892e-01 2.734375000000000000e-02 2.124023437500000000e-02 3.417968750000000000e-02 3.100585937500000000e-02 4.003906250000000000e-02
2.052260931215358075e-01 2.734375000000000000e-02 2.343750000000000000e-02 2.368164062500000000e-02 2.636718750000000000e-02 2.368164062500000000e-02
1.766480235063416504e-01 2.343750000000000000e-02 2.465820312500000000e-02 2.294921875000000000e-02 2.294921875000000000e-02 2.416992187500000000e-02
1.834118190237499502e-01 7.812500000000000000e-03 2.490234375000000000e-02 2.416992187500000000e-02 3.100585937500000000e-02 2.416992187500000000e-02
1.920420591172766478e-01 1.171875000000000000e-02 2.685546875000000000e-02 2.685546875000000000e-02 3.369140625000000000e-02 2.709960937500000000e-02
1.879328724213927826e-01 7.812500000000000000e-03 2.514648437500000000e-02 3.613281250000000000e-02 3.100585937500000000e-02 3.320312500000000000e-02
1.681789613869663080e-01 1.171875000000000000e-02 2.465820312500000000e-02 2.392578125000000000e-02 3.613281250000000000e-02 2.392578125000000000e-02
1.862143053680503924e-01 2.734375000000000000e-02 2.221679687500000000e-02 2.319335937500000000e-02 3.662109375000000000e-02 2.636718750000000000e-02
2.247580729788213882e-01 2.734375000000000000e-02 2.514648437500000000e-02 2.319335937500000000e-02 3.027343750000000000e-02 2.416992187500000000e-02
1.872682654543203762e-01 1.562500000000000000e-02 2.539062500000000000e-02 4.663085937500000000e-02 2.856445312500000000e-02 2.294921875000000000e-02
1.930011814032424333e-01 2.343750000000000000e-02 2.929687500000000000e-02 2.832031250000000000e-02 3.198242187500000000e-02 2.856445312500000000e-02
1.667413259908311907e-01 1.171875000000000000e-02 2.392578125000000000e-02 3.637695312500000000e-02 2.783203125000000000e-02 2.929687500000000000e-02
1.845049839993000984e-01 2.343750000000000000e-02 2.221679687500000000e-02 6.005859375000000000e-02 3.588867187500000000e-02 5.859375000000000000e-02
2.053545953845060945e-01 2.343750000000000000e-02 2.416992187500000000e-02 2.075195312500000000e-02 2.416992187500000000e-02 2.246093750000000000e-02
2.161257527871718320e-01 3.515625000000000000e-02 2.490234375000000000e-02 2.294921875000000000e-02 2.685546875000000000e-02 2.294921875000000000e-02
2.137049485320272335e-01 2.734375000000000000e-02 2.563476562500000000e-02 2.270507812500000000e-02 2.539062500000000000e-02 2.294921875000000000e-02
2.063039018411245429e-01 2.343750000000000000e-02 2.319335937500000000e-02 2.832031250000000000e-02 3.344726562500000000e-02 2.490234375000000000e-02
2.188056056168065089e-01 4.296875000000000000e-02 2.465820312500000000e-02 2.905273437500000000e-02 2.734375000000000000e-02 3.100585937500000000e-02
2.129831534281557415e-01 3.906250000000000000e-02 2.612304687500000000e-02 2.319335937500000000e-02 3.198242187500000000e-02 2.587890625000000000e-02
2.105549805336964231e-01 1.953125000000000000e-02 2.294921875000000000e-02 2.490234375000000000e-02 2.563476562500000000e-02 2.685546875000000000e-02
1.934085604146248416e-01 1.171875000000000000e-02 1.879882812500000000e-02 2.050781250000000000e-02 3.564453125000000000e-02 2.124023437500000000e-02
1.978651254541992643e-01 1.953125000000000000e-02 2.514648437500000000e-02 3.149414062500000000e-02 2.587890625000000000e-02 2.490234375000000000e-02
1.883706721417399976e-01 1.953125000000000000e-02 2.197265625000000000e-02 2.807617187500000000e-02 2.685546875000000000e-02 2.734375000000000000e-02
1.913449954680446208e-01 1.953125000000000000e-02 2.490234375000000000e-02 2.392578125000000000e-02 2.685546875000000000e-02 2.343750000000000000e-02
2.040138544644332919e-01 3.125000000000000000e-02 2.465820312500000000e-02 2.392578125000000000e-02 3.320312500000000000e-02 2.246093750000000000e-02
1.758569607619336339e-01 1.562500000000000000e-02 2.148437500000000000e-02 2.197265625000000000e-02 2.514648437500000000e-02 2.392578125000000000e-02
1.740055459379941938e-01 1.953125000000000000e-02 2.392578125000000000e-02 2.978515625000000000e-02 3.686523437500000000e-02 3.222656250000000000e-02
2.008126098046142949e-01 2.343750000000000000e-02 2.612304687500000000e-02 2.929687500000000000e-02 2.929687500000000000e-02 2.905273437500000000e-02
1.643408834119342021e-01 1.171875000000000000e-02 2.807617187500000000e-02 2.563476562500000000e-02 4.272460937500000000e-02 2.587890625000000000e-02
2.125666700611237026e-01 2.734375000000000000e-02 2.343750000000000000e-02 2.368164062500000000e-02 3.173828125000000000e-02 2.343750000000000000e-02
2.629376833400609570e-01 3.515625000000000000e-02 2.416992187500000000e-02 2.563476562500000000e-02 3.930664062500000000e-02 2.319335937500000000e-02
1.913115139652300511e-01 2.734375000000000000e-02 2.514648437500000000e-02 2.612304687500000000e-02 3.735351562500000000e-02 2.539062500000000000e-02
1.831182125251694104e-01 2.343750000000000000e-02 2.368164062500000000e-02 4.492187500000000000e-02 2.490234375000000000e-02 3.100585937500000000e-02
1.812596810115429391e-01 1.171875000000000000e-02 2.661132812500000000e-02 3.076171875000000000e-02 2.978515625000000000e-02 2.929687500000000000e-02
2.216733248086471542e-01 1.953125000000000000e-02 3.002929687500000000e-02 2.514648437500000000e-02 4.589843750000000000e-02 2.587890625000000000e-02
2.171157399961773926e-01 2.734375000000000000e-02 2.221679687500000000e-02 2.319335937500000000e-02 2.490234375000000000e-02 2.197265625000000000e-02
1.926946312955420959e-01 1.953125000000000000e-02 3.002929687500000000e-02 2.880859375000000000e-02 3.051757812500000000e-02 2.856445312500000000e-02
2.103813228039467242e-01 1.171875000000000000e-02 2.099609375000000000e-02 3.076171875000000000e-02 2.539062500000000000e-02 2.929687500000000000e-02
2.185421136483330640e-01 1.953125000000000000e-02 3.027343750000000000e-02 3.271484375000000000e-02 3.149414062500000000e-02 3.637695312500000000e-02
2.115676250245250856e-01 3.906250000000000000e-02 2.465820312500000000e-02 2.026367187500000000e-02 4.467773437500000000e-02 2.026367187500000000e-02
1.931249202347052052e-01 1.953125000000000000e-02 2.709960937500000000e-02 2.709960937500000000e-02 2.587890625000000000e-02 2.612304687500000000e-02
2.086550256386931479e-01 2.734375000000000000e-02 2.563476562500000000e-02 2.685546875000000000e-02 3.979492187500000000e-02 3.271484375000000000e-02
2.265770842321883638e-01 2.734375000000000000e-02 2.612304687500000000e-02 3.125000000000000000e-02 2.880859375000000000e-02 3.247070312500000000e-02
1.989449232094857856e-01 1.953125000000000000e-02 2.709960937500000000e-02 3.540039062500000000e-02 4.028320312500000000e-02 3.540039062500000000e-02
1.995683080845278567e-01 2.343750000000000000e-02 2.709960937500000000e-02 3.222656250000000000e-02 3.906250000000000000e-02 3.344726562500000000e-02
1.766035613459135123e-01 1.171875000000000000e-02 2.661132812500000000e-02 2.441406250000000000e-02 2.856445312500000000e-02 3.051757812500000000e-02
1.915287055674260164e-01 1.562500000000000000e-02 2.343750000000000000e-02 5.151367187500000000e-01 2.172851562500000000e-02 2.807617187500000000e-02
1.923121362846871574e-01 1.953125000000000000e-02 2.294921875000000000e-02 2.026367187500000000e-02 2.905273437500000000e-02 2.392578125000000000e-02
1.881533381210279687e-01 1.953125000000000000e-02 2.856445312500000000e-02 2.465820312500000000e-02 2.636718750000000000e-02 2.416992187500000000e-02
1.772080457481343130e-01 2.734375000000000000e-02 2.392578125000000000e-02 3.051757812500000000e-02 3.466796875000000000e-02 3.051757812500000000e-02
1.915480681284434383e-01 7.812500000000000000e-03 2.587890625000000000e-02 2.465820312500000000e-02 2.661132812500000000e-02 2.856445312500000000e-02
1.964663075249266644e-01 1.171875000000000000e-02 2.343750000000000000e-02 2.197265625000000000e-02 2.734375000000000000e-02 2.124023437500000000e-02
1.858564563818574933e-01 1.562500000000000000e-02 2.001953125000000000e-02 2.001953125000000000e-02 2.612304687500000000e-02 2.319335937500000000e-02
2.095349424851274955e-01 3.906250000000000000e-02 2.392578125000000000e-02 2.758789062500000000e-02 2.709960937500000000e-02 2.734375000000000000e-02
1.864284760950507824e-01 2.343750000000000000e-02 2.514648437500000000e-02 2.514648437500000000e-02 2.978515625000000000e-02 2.392578125000000000e-02
1.897915847804249045e-01 1.953125000000000000e-02 1.904296875000000000e-02 2.368164062500000000e-02 2.099609375000000000e-02 2.441406250000000000e-02
1.839345862949565702e-01 3.125000000000000000e-02 2.758789062500000000e-02 6.298828125000000000e-02 3.637695312500000000e-02 4.785156250000000000e-02
1.804745330161900696e-01 1.562500000000000000e-02 2.026367187500000000e-02 1.782226562500000000e-02 2.661132812500000000e-02 1.831054687500000000e-02
1.738838412196927197e-01 1.562500000000000000e-02 2.905273437500000000e-02 3.027343750000000000e-02 3.051757812500000000e-02 2.636718750000000000e-02
1.831327679068984471e-01 2.343750000000000000e-02 3.100585937500000000e-02 3.320312500000000000e-02 4.882812500000000000e-02 3.173828125000000000e-02
2.126405719176462372e-01 2.343750000000000000e-02 2.246093750000000000e-02 3.417968750000000000e-02 3.857421875000000000e-02 3.588867187500000000e-02
1.964120517197377458e-01 1.953125000000000000e-02 2.612304687500000000e-02 2.636718750000000000e-02 3.149414062500000000e-02 2.612304687500000000e-02
1.612153999789172620e-01 1.562500000000000000e-02 2.221679687500000000e-02 2.246093750000000000e-02 2.270507812500000000e-02 2.246093750000000000e-02
1.831469220777622864e-01 1.953125000000000000e-02 2.514648437500000000e-02 2.441406250000000000e-02 2.661132812500000000e-02 2.441406250000000000e-02
2.092827780497233392e-01 1.953125000000000000e-02 2.416992187500000000e-02 2.856445312500000000e-02 3.442382812500000000e-02 2.368164062500000000e-02
2.072256343479112473e-01 3.515625000000000000e-02 3.002929687500000000e-02 3.222656250000000000e-02 3.540039062500000000e-02 2.709960937500000000e-02
2.059912064652525410e-01 2.734375000000000000e-02 2.441406250000000000e-02 2.636718750000000000e-02 6.005859375000000000e-02 2.880859375000000000e-02
2.106201154429659383e-01 3.515625000000000000e-02 2.294921875000000000e-02 2.172851562500000000e-02 2.758789062500000000e-02 2.294921875000000000e-02
2.069609499313604106e-01 3.125000000000000000e-02 2.026367187500000000e-02 3.198242187500000000e-02 3.173828125000000000e-02 2.685546875000000000e-02
2.147927073245941565e-01 3.515625000000000000e-02 2.661132812500000000e-02 2.758789062500000000e-02 2.514648437500000000e-02 2.832031250000000000e-02
2.025034181284676438e-01 3.906250000000000000e-02 2.441406250000000000e-02 5.126953125000000000e-02 2.563476562500000000e-02 5.151367187500000000e-02
2.123192540314142174e-01 2.343750000000000000e-02 2.465820312500000000e-02 2.636718750000000000e-02 4.541015625000000000e-02 2.685546875000000000e-02
1.946395843798820191e-01 2.734375000000000000e-02 2.294921875000000000e-02 2.441406250000000000e-02 3.027343750000000000e-02 2.416992187500000000e-02
1.798916285441092000e-01 3.125000000000000000e-02 2.441406250000000000e-02 3.637695312500000000e-02 2.832031250000000000e-02 3.588867187500000000e-02
2.082638177032470339e-01 3.906250000000000000e-02 2.539062500000000000e-02 3.076171875000000000e-02 2.319335937500000000e-02 2.636718750000000000e-02
2.018828446026814938e-01 1.953125000000000000e-02 2.539062500000000000e-02 2.587890625000000000e-02 3.515625000000000000e-02 2.197265625000000000e-02
1.856751877959223751e-01 7.812500000000000000e-03 2.148437500000000000e-02 2.563476562500000000e-02 2.539062500000000000e-02 2.539062500000000000e-02
1.930937952959259907e-01 1.953125000000000000e-02 2.465820312500000000e-02 2.416992187500000000e-02 2.612304687500000000e-02 2.294921875000000000e-02
1.767705106348805844e-01 1.953125000000000000e-02 2.050781250000000000e-02 1.977539062500000000e-02 1.904296875000000000e-02 2.221679687500000000e-02
1.859138414912669124e-01 7.812500000000000000e-03 2.392578125000000000e-02 2.490234375000000000e-02 3.369140625000000000e-02 3.125000000000000000e-02
1.917059038146905481e-01 1.953125000000000000e-02 2.832031250000000000e-02 2.661132812500000000e-02 2.368164062500000000e-02 3.540039062500000000e-02
1.748184592195153320e-01 1.953125000000000000e-02 2.539062500000000000e-02 2.832031250000000000e-02 2.661132812500000000e-02 3.076171875000000000e-02
2.087326538649253438e-01 3.125000000000000000e-02 2.832031250000000000e-02 4.003906250000000000e-02 3.710937500000000000e-02 3.759765625000000000e-02
1.737084818145070431e-01 1.562500000000000000e-02 2.270507812500000000e-02 2.270507812500000000e-02 2.783203125000000000e-02 2.441406250000000000e-02
2.018165736889221962e-01 2.734375000000000000e-02 1.831054687500000000e-02 1.953125000000000000e-02 2.490234375000000000e-02 1.977539062500000000e-02
1.927143186360794624e-01 2.343750000000000000e-02 2.709960937500000000e-02 2.954101562500000000e-02 2.587890625000000000e-02 3.002929687500000000e-02
1.898470555869378740e-01 1.171875000000000000e-02 2.246093750000000000e-02 4.345703125000000000e-02 2.441406250000000000e-02 2.832031250000000000e-02
1.854265736368931328e-01 7.812500000000000000e-03 2.270507812500000000e-02 2.270507812500000000e-02 2.514648437500000000e-02 2.954101562500000000e-02
1.921414320585060342e-01 2.343750000000000000e-02 2.416992187500000000e-02 2.392578125000000000e-02 3.515625000000000000e-02 2.343750000000000000e-02
2.000917824867460837e-01 2.343750000000000000e-02 2.685546875000000000e-02 2.221679687500000000e-02 2.539062500000000000e-02 2.294921875000000000e-02
2.162381897329318792e-01 4.296875000000000000e-02 2.685546875000000000e-02 2.270507812500000000e-02 2.709960937500000000e-02 2.270507812500000000e-02
1.978497560392099563e-01 3.906250000000000000e-03 2.563476562500000000e-02 3.002929687500000000e-02 3.857421875000000000e-02 3.027343750000000000e-02
1.882766493377726058e-01 1.562500000000000000e-02 2.343750000000000000e-02 2.612304687500000000e-02 4.077148437500000000e-02 2.929687500000000000e-02
2.058953140315095132e-01 2.343750000000000000e-02 1.806640625000000000e-02 2.172851562500000000e-02 2.319335937500000000e-02 2.099609375000000000e-02
2.014713968825945778e-01 1.171875000000000000e-02 2.270507812500000000e-02 2.319335937500000000e-02 2.929687500000000000e-02 2.319335937500000000e-02
1.918681190118707303e-01 2.343750000000000000e-02 2.319335937500000000e-02 2.465820312500000000e-02 2.490234375000000000e-02 3.100585937500000000e-02
2.013348043159100542e-01 1.953125000000000000e-02 2.148437500000000000e-02 2.270507812500000000e-02 3.808593750000000000e-02 2.270507812500000000e-02
2.032122214093886048e-01 3.906250000000000000e-02 2.539062500000000000e-02 3.076171875000000000e-02 2.612304687500000000e-02 3.198242187500000000e-02
1.786593184275084845e-01 1.562500000000000000e-02 2.124023437500000000e-02 2.441406250000000000e-02 2.880859375000000000e-02 2.441406250000000000e-02
1.910232837105338699e-01 1.953125000000000000e-02 1.953125000000000000e-02 2.514648437500000000e-02 2.807617187500000000e-02 2.465820312500000000e-02
2.291665120165971570e-01 4.296875000000000000e-02 2.392578125000000000e-02 2.783203125000000000e-02 2.490234375000000000e-02 2.514648437500000000e-02
1.857105317181354520e-01 1.171875000000000000e-02 2.343750000000000000e-02 2.539062500000000000e-02 3.442382812500000000e-02 2.539062500000000000e-02
1.930382718737389813e-01 1.171875000000000000e-02 2.539062500000000000e-02 3.149414062500000000e-02 3.320312500000000000e-02 3.125000000000000000e-02
1.949775070198810356e-01 2.734375000000000000e-02 1.977539062500000000e-02 2.441406250000000000e-02 2.929687500000000000e-02 2.368164062500000000e-02
2.010141195925503887e-01 1.953125000000000000e-02 2.221679687500000000e-02 3.027343750000000000e-02 3.613281250000000000e-02 3.002929687500000000e-02
2.057370473617734785e-01 3.515625000000000000e-02 2.197265625000000000e-02 2.612304687500000000e-02 3.369140625000000000e-02 2.587890625000000000e-02
1.861871412545128002e-01 1.562500000000000000e-02 2.368164062500000000e-02 2.294921875000000000e-02 2.954101562500000000e-02 2.319335937500000000e-02
2.070882298358988072e-01 3.125000000000000000e-02 2.026367187500000000e-02 2.758789062500000000e-02 3.027343750000000000e-02 3.027343750000000000e-02
1.639899981044024568e-01 0.000000000000000000e+00 2.661132812500000000e-02 2.832031250000000000e-02 2.221679687500000000e-02 2.807617187500000000e-02
2.102348564127082819e-01 2.734375000000000000e-02 2.636718750000000000e-02 2.929687500000000000e-02 4.077148437500000000e-02 2.929687500000000000e-02
2.327967412286149063e-01 3.515625000000000000e-02 2.416992187500000000e-02 2.880859375000000000e-02 4.077148437500000000e-02 2.514648437500000000e-02
2.009406389406222793e-01 1.953125000000000000e-02 2.612304687500000000e-02 2.880859375000000000e-02 2.783203125000000000e-02 3.759765625000000000e-02
2.077996133153033886e-01 3.125000000000000000e-02 2.246093750000000000e-02 2.026367187500000000e-02 3.100585937500000000e-02 2.465820312500000000e-02
2.025716061233940046e-01 1.953125000000000000e-02 2.124023437500000000e-02 2.465820312500000000e-02 3.417968750000000000e-02 2.783203125000000000e-02
1.806771972791579028e-01 1.171875000000000000e-02 2.319335937500000000e-02 3.100585937500000000e-02 2.709960937500000000e-02 2.514648437500000000e-02
1.951898531287585281e-01 3.125000000000000000e-02 2.221679687500000000e-02 2.661132812500000000e-02 2.783203125000000000e-02 2.832031250000000000e-02
1.698678496091310941e-01 1.562500000000000000e-02 2.587890625000000000e-02 4.956054687500000000e-02 2.636718750000000000e-02 5.029296875000000000e-02
2.018051444031626895e-01 1.953125000000000000e-02 2.270507812500000000e-02 2.099609375000000000e-02 2.392578125000000000e-02 2.124023437500000000e-02
