1.000000000000000000e+00 5.251490208154641515e+00 -3.194002006241175029e-01
1.000000000000000000e+00 3.620646064091666450e+00 1.783358103193537270e+00
1.000000000000000000e+00 4.212829188026092631e+00 1.076235270044278991e+00
1.000000000000000000e+00 5.079069220329595957e+00 5.407694079696244716e-01
1.000000000000000000e+00 2.640112269904615339e+00 2.277498299613792021e+00
1.000000000000000000e+00 4.039522545513587914e+00 2.033596421809705124e+00
1.000000000000000000e+00 2.526593288735531573e+00 3.070439713364319090e+00
1.000000000000000000e+00 3.663099851996250766e+00 1.610086055438637365e+00
1.000000000000000000e+00 4.031480189067827347e+00 2.536167425390589703e-01
1.000000000000000000e+00 3.938192256838673355e+00 2.793698880147320818e+00
1.000000000000000000e+00 4.687795161763816942e+00 2.869931030301210995e-01
1.000000000000000000e+00 5.865958300272167136e+00 5.373034838240198230e-01
1.000000000000000000e+00 4.421256565672953442e+00 5.107464033401858117e-02
1.000000000000000000e+00 3.943692352942802515e+00 2.978634808008417956e+00
1.000000000000000000e+00 4.970268144552127509e+00 3.801555457360294987e-01
1.000000000000000000e+00 5.367561017797275014e+00 5.414101600264491498e-01
1.000000000000000000e+00 1.883346443386571867e+00 2.914220237679655767e+00
1.000000000000000000e+00 3.575655925740537810e+00 1.585348638505639229e+00
1.000000000000000000e+00 3.724493501171864729e+00 1.268261035336522236e+00
1.000000000000000000e+00 3.985946464532254652e+00 -1.015421093581427403e+00
1.000000000000000000e+00 5.639553431196636879e+00 -2.119298016974639487e-01
1.000000000000000000e+00 3.982789919932788525e+00 7.611044466005277842e-01
1.000000000000000000e+00 4.993383783578030588e+00 -1.189082936546693503e+00
1.000000000000000000e+00 2.338553190358569456e+00 1.072617385507484089e+00
1.000000000000000000e+00 2.860166464881802817e+00 2.608747118743049320e+00
1.000000000000000000e+00 3.652955142085133389e+00 2.001954752270987736e+00
1.000000000000000000e+00 3.475130988308355207e+00 1.283802606119639034e+00
1.000000000000000000e+00 4.696483804309647070e+00 -1.208296918202470260e-01
1.000000000000000000e+00 6.038886829743003837e+00 -6.766962424985335789e-02
1.000000000000000000e+00 4.316091668613260879e+00 1.629633510000721097e+00
1.000000000000000000e+00 2.221034613607260511e+00 3.480238073319523728e-01
1.000000000000000000e+00 3.044628562972500507e+00 2.458239658455031229e+00
1.000000000000000000e+00 5.133110528311275900e+00 4.328160126143309472e-01
1.000000000000000000e+00 5.457320675997656245e+00 -3.916346689162382710e-01
1.000000000000000000e+00 5.128385147465583493e+00 9.219661906747710356e-01
1.000000000000000000e+00 5.420694040906364641e+00 1.674753326721232782e-01
1.000000000000000000e+00 1.943688788262450950e+00 1.365611954348718626e+00
1.000000000000000000e+00 4.668769387770828949e+00 -5.989928244543692992e-01
1.000000000000000000e+00 3.626022025461519860e+00 -2.352081144921366329e-01
1.000000000000000000e+00 3.697047829430210264e+00 2.667344430453618465e+00
1.000000000000000000e+00 4.912659713189370336e+00 4.795411940728060429e-01
1.000000000000000000e+00 6.212375903127656862e+00 1.562099331065675833e-01
1.000000000000000000e+00 2.725284811223014803e+00 2.359586011464474886e+00
1.000000000000000000e+00 3.637063484646821276e+00 1.905922847578530366e+00
1.000000000000000000e+00 3.954360144519740494e+00 2.197526318788751709e+00
1.000000000000000000e+00 5.125957625460299205e+00 7.361990232530447598e-01
1.000000000000000000e+00 3.169233644342456913e+00 2.308360598957198029e+00
1.000000000000000000e+00 4.507799825959326157e+00 -1.248727066388885358e-02
1.000000000000000000e+00 2.344482169229895163e+00 2.611554857218715053e+00
1.000000000000000000e+00 1.296739139084739145e+00 1.449614672437489649e+00
1.000000000000000000e+00 5.046980097418524380e+00 -4.385444908983530676e-01
1.000000000000000000e+00 2.928733751122023499e+00 1.397913250049300782e+00
1.000000000000000000e+00 6.026188423864525134e+00 -1.105271777832438129e+00
1.000000000000000000e+00 5.040499421265415059e+00 3.661046100530096492e-02
1.000000000000000000e+00 5.363412131787879567e+00 -4.876964848514925843e-01
1.000000000000000000e+00 3.150406733858119424e+00 1.207081432474335969e+00
1.000000000000000000e+00 3.057233756841740036e+00 2.331577279912408152e+00
1.000000000000000000e+00 2.197257351538190573e+00 1.806311449182567808e+00
1.000000000000000000e+00 4.391433252587931158e+00 4.789487843959635560e-01
1.000000000000000000e+00 3.674533119132350478e+00 2.903036195175082490e+00
1.000000000000000000e+00 3.323145791902459401e+00 1.911767036577657564e+00
1.000000000000000000e+00 2.088763344112819720e+00 1.366296819534422280e+00
1.000000000000000000e+00 3.734933621343885957e+00 1.780358697229392551e+00
1.000000000000000000e+00 4.602333148469088364e+00 -3.478461372619572889e-01
1.000000000000000000e+00 4.351960974781380109e+00 -2.486117352949499815e-01
1.000000000000000000e+00 3.103685826207473131e+00 1.834527868154929742e+00
1.000000000000000000e+00 5.725888416010817217e+00 -1.161929486083466356e+00
1.000000000000000000e+00 3.089575665176335306e+00 1.357757731810141477e+00
1.000000000000000000e+00 4.023107593228181678e+00 -1.834338189011456288e+00
1.000000000000000000e+00 6.399927942128004865e+00 -2.609426137030860238e-01
1.000000000000000000e+00 4.711979636161346185e+00 -3.356950492790942708e-01
1.000000000000000000e+00 2.903973641583341259e+00 3.051288050544633812e+00
1.000000000000000000e+00 3.806789030114658079e+00 2.228842631697202314e+00
1.000000000000000000e+00 3.041739907740634408e+00 1.357065592277639343e+00
1.000000000000000000e+00 3.721008216556546788e+00 1.985354779705115424e+00
1.000000000000000000e+00 6.285408727760838588e+00 1.753372408659111814e+00
1.000000000000000000e+00 2.714110390362863168e+00 1.951504371993842524e+00
1.000000000000000000e+00 3.873852716212666358e+00 1.927485303293103192e+00
1.000000000000000000e+00 4.620432356187466283e+00 5.489650978391402703e-01
1.000000000000000000e+00 3.521314254501486829e+00 1.596219631735841693e+00
1.000000000000000000e+00 4.592733135308170844e+00 -1.465563578159891425e-02
1.000000000000000000e+00 3.488162612706589893e+00 1.193792512102641812e+00
1.000000000000000000e+00 5.649250475359314905e+00 3.125191207649297143e-01
1.000000000000000000e+00 5.287316506234480684e+00 1.172082165966589651e+00
1.000000000000000000e+00 4.002146043740930637e+00 2.394937966140960661e+00
1.000000000000000000e+00 5.595287643323572979e+00 -1.174195420100489162e+00
1.000000000000000000e+00 5.012531690419334218e+00 8.662635312946888044e-01
1.000000000000000000e+00 3.411585787134776560e+00 2.361992454696051347e+00
1.000000000000000000e+00 4.250943220981669768e+00 2.024472711940816350e+00
1.000000000000000000e+00 5.501571443531552141e+00 4.746609318316534210e-01
1.000000000000000000e+00 5.439585974257814094e+00 1.050859153974759153e+00
1.000000000000000000e+00 6.558535360774638612e+00 -2.684618419115168408e-01
1.000000000000000000e+00 5.477582499517608561e+00 2.393965493087880647e-01
1.000000000000000000e+00 3.444035124369674961e+00 2.034739191091280208e+00
1.000000000000000000e+00 4.675676016506458588e+00 3.932238506253654675e-01
1.000000000000000000e+00 2.136364046070164058e+00 1.734527181227086157e+00
1.000000000000000000e+00 2.492773797902505972e+00 2.218197051908728845e+00
1.000000000000000000e+00 1.904513228224845145e+00 1.804710321640663473e+00
1.000000000000000000e+00 5.545590000884982551e+00 -2.874755005195728241e-01
1.000000000000000000e+00 3.981931496693067007e+00 3.192249328754029336e-01
1.000000000000000000e+00 5.339072188071776637e+00 -1.479794092703099695e+00
1.000000000000000000e+00 3.457463106614790060e+00 1.994156184753526739e+00
1.000000000000000000e+00 5.514752640362925895e+00 -1.510914988491385502e+00
1.000000000000000000e+00 3.150729126582352713e+00 2.273117269821511854e+00
1.000000000000000000e+00 4.624714738367941003e+00 2.603257892837109289e+00
1.000000000000000000e+00 6.005897819447477914e+00 -2.212072497879583877e-01
1.000000000000000000e+00 6.008635056850527789e+00 4.971080156368132830e-01
1.000000000000000000e+00 6.313877102513293593e+00 2.009879824367438728e-01
1.000000000000000000e+00 5.108430918999079751e+00 5.930528588782176813e-01
1.000000000000000000e+00 2.377017666839752685e+00 1.949695767657992906e+00
1.000000000000000000e+00 4.505829847989412329e+00 1.327423352297947723e+00
1.000000000000000000e+00 4.959503483928356715e+00 -7.066990799736684314e-01
1.000000000000000000e+00 3.169496193546523788e+00 2.423034188511860698e+00
1.000000000000000000e+00 3.272145273643108698e+00 2.894494235345532296e+00
1.000000000000000000e+00 3.240466934797097576e+00 9.353531896597933049e-01
1.000000000000000000e+00 2.125139683518956435e+00 1.931376360694500693e+00
1.000000000000000000e+00 5.144790298929287076e+00 9.331920774486581749e-01
1.000000000000000000e+00 3.049507212314846338e+00 1.307231045442639683e+00
1.000000000000000000e+00 2.734088621262935614e+00 1.923428144291047248e+00
1.000000000000000000e+00 2.512152817848749553e+00 1.892916111851921324e+00
1.000000000000000000e+00 2.652414025765300387e+00 2.099780772434020726e+00
1.000000000000000000e+00 3.324642058117068366e+00 2.816771755602099248e+00
1.000000000000000000e+00 3.079010597797038340e+00 2.500975907463638848e+00
1.000000000000000000e+00 3.513749488988445080e+00 1.964637605364044415e+00
1.000000000000000000e+00 4.862576303050844650e+00 -1.481572337003007611e+00
1.000000000000000000e+00 4.430646141613133082e+00 1.094138132691033993e+00
1.000000000000000000e+00 4.607242867892506588e+00 -5.911871747263621746e-01
1.000000000000000000e+00 4.786491868276444350e+00 6.539349151322585429e-01
1.000000000000000000e+00 4.632341718267549702e+00 -9.886609988484628131e-01
1.000000000000000000e+00 3.309976838994347581e+00 2.569008489214605895e+00
1.000000000000000000e+00 5.787545585632413392e+00 -3.957514806151601894e-01
1.000000000000000000e+00 3.737669669710598441e+00 1.626638099401932935e+00
1.000000000000000000e+00 3.958170056178779372e+00 3.357049315676099432e-01
1.000000000000000000e+00 3.761414499499223574e+00 2.052584505099082079e+00
1.000000000000000000e+00 4.461060138127995067e+00 4.479649092744718980e-02
1.000000000000000000e+00 4.943377853285046086e+00 5.923239410598988286e-01
1.000000000000000000e+00 2.280871984767493643e+00 2.349867635822640910e+00
1.000000000000000000e+00 3.047217355035743758e+00 2.512202857256641497e+00
1.000000000000000000e+00 5.039003037049436529e+00 -7.675719425929496964e-01
1.000000000000000000e+00 3.156516805380199742e+00 2.153022718930666546e+00
1.000000000000000000e+00 3.331541787288623713e+00 1.300008753738785661e+00
1.000000000000000000e+00 7.530439909500069362e+00 6.274139653393590033e-02
1.000000000000000000e+00 4.884821047583364440e+00 8.365905657416887742e-01
1.000000000000000000e+00 4.425333610291733777e+00 6.171747598793236866e-01
1.000000000000000000e+00 3.861939139815252275e+00 -3.697325523807755698e-01
1.000000000000000000e+00 5.139523199318871249e+00 -9.184054122970259915e-01
1.000000000000000000e+00 3.242908235514924797e+00 -7.056674963197631101e-01
1.000000000000000000e+00 5.565780747771231773e+00 -8.736218576108955025e-01
1.000000000000000000e+00 2.653881868408704214e+00 2.275671942100798706e+00
1.000000000000000000e+00 2.773214721075175415e+00 1.962115007040170056e+00
1.000000000000000000e+00 3.661195297179196118e+00 1.235628661008807860e+00
1.000000000000000000e+00 3.423240359309552616e+00 2.048345049117355376e+00
1.000000000000000000e+00 2.582385388148132233e+00 1.605386684493927518e+00
1.000000000000000000e+00 3.325469756376443708e+00 1.556880610763389239e+00
1.000000000000000000e+00 3.868715007286505525e+00 9.291960617496311525e-02
1.000000000000000000e+00 3.325433709092075141e+00 -2.241222621061620957e-01
1.000000000000000000e+00 1.963376053087017459e+00 2.746118945955349222e+00
1.000000000000000000e+00 4.926390843543493325e+00 -1.793269747735192432e+00
1.000000000000000000e+00 2.699718915979595124e+00 2.197127511764050301e+00
1.000000000000000000e+00 4.632782581709485648e+00 -1.179436239967051714e+00
1.000000000000000000e+00 4.412838372631843420e+00 5.051205312932017799e-01
1.000000000000000000e+00 3.656697060292926516e+00 2.130572334134010593e+00
1.000000000000000000e+00 2.506893993229307505e+00 2.705007254810795736e+00
1.000000000000000000e+00 2.475048490349115227e+00 1.320068170035969324e+00
1.000000000000000000e+00 4.543158181069539836e+00 -6.806164694468045395e-01
1.000000000000000000e+00 6.190734336126701542e+00 -7.092512684596419259e-02
1.000000000000000000e+00 5.416797706715246186e+00 -3.197002853407730771e-02
1.000000000000000000e+00 3.373252427445260881e+00 1.788735335077620503e+00
1.000000000000000000e+00 4.061743637343585789e+00 -1.037193425831895333e+00
1.000000000000000000e+00 4.150940582973435156e+00 1.871193656741262923e-01
1.000000000000000000e+00 2.704957978561253196e+00 2.586966028195440970e+00
1.000000000000000000e+00 3.588090580839053523e+00 2.418001801715538690e+00
1.000000000000000000e+00 3.442304035024214670e+00 2.252412697260812280e+00
1.000000000000000000e+00 3.923880740925633326e+00 2.498226330736003309e+00
1.000000000000000000e+00 5.272926028023822376e+00 -9.822045905564034118e-01
1.000000000000000000e+00 5.481084205134938436e+00 -2.485976644352673459e-01
1.000000000000000000e+00 2.715205716874494080e+00 2.452868945926883537e+00
1.000000000000000000e+00 4.679843609281392425e+00 -5.538127461996223966e-01
1.000000000000000000e+00 2.590790310008381780e+00 1.497628471091328350e+00
1.000000000000000000e+00 4.624987508106332967e+00 -7.624391115099586891e-01
1.000000000000000000e+00 4.788633569874723328e+00 1.481641195739790695e-01
1.000000000000000000e+00 5.451518101226823454e+00 -6.387321290612518743e-01
1.000000000000000000e+00 2.256187611466007770e+00 1.915651108085008936e+00
1.000000000000000000e+00 4.066130371302921098e+00 1.456370154380328241e+00
1.000000000000000000e+00 2.166134273592871029e+00 5.574870378557743589e-01
1.000000000000000000e+00 5.947305003086793107e+00 2.235706543530540658e-01
1.000000000000000000e+00 6.949702203551011870e+00 4.169507034194770978e-01
1.000000000000000000e+00 4.338214437325452089e+00 8.965659666485364943e-02
1.000000000000000000e+00 2.924486635715476179e+00 2.439896080138537648e+00
1.000000000000000000e+00 5.442589760490401218e+00 5.248487774543642015e-01
1.000000000000000000e+00 4.182571610892639846e+00 1.748551989447091115e+00
1.000000000000000000e+00 2.787056181417292056e+00 1.584137268383894792e+00
1.000000000000000000e+00 5.367135012978088149e+00 6.435498918106397070e-01
1.000000000000000000e+00 3.910296507257565946e+00 2.136425666154643466e+00
1.000000000000000000e+00 5.118673141033185381e+00 3.205302540387323651e-01
1.000000000000000000e+00 4.312362337810151658e+00 2.666185925784856359e+00
1.000000000000000000e+00 2.063095724445098256e+00 2.334282030373125316e+00
1.000000000000000000e+00 4.089215402693259449e+00 3.805048568008747439e-02
1.000000000000000000e+00 4.620933002157383562e+00 -1.164495023726826783e+00
1.000000000000000000e+00 2.965604477635504388e+00 2.160223039719077587e+00
1.000000000000000000e+00 2.845857590513067858e+00 2.921112576812919137e+00
1.000000000000000000e+00 5.219731108727626356e+00 -1.712867498649589093e+00
1.000000000000000000e+00 5.487304912555094560e+00 6.927426930565827590e-01
1.000000000000000000e+00 2.492991053579473260e+00 2.401061574807464627e+00
1.000000000000000000e+00 4.789931307529092130e+00 6.204554970856125395e-01
1.000000000000000000e+00 4.512179358057691658e+00 -1.729435305262745290e-02
1.000000000000000000e+00 3.468534403014351675e+00 2.205357910650581843e+00
1.000000000000000000e+00 4.174067520409721510e+00 1.865000993687332187e+00
1.000000000000000000e+00 5.208611348190608226e+00 2.952554033551960111e-01
1.000000000000000000e+00 5.347473901587949108e+00 8.579344131707005161e-01
1.000000000000000000e+00 3.665968132065508200e+00 6.136652178668788871e-01
1.000000000000000000e+00 3.456593470957568748e+00 2.385321140871191847e+00
1.000000000000000000e+00 5.514145418480343785e+00 4.263155131501895206e-02
1.000000000000000000e+00 2.804180990014931929e+00 1.443409700364516990e+00
1.000000000000000000e+00 3.751628092346757981e+00 4.115699562031711611e-01
1.000000000000000000e+00 2.379564215071694022e+00 2.348796718776066772e+00
1.000000000000000000e+00 5.110325023549031620e+00 -2.542282426159893638e-01
1.000000000000000000e+00 2.138038922659474927e+00 1.132334068596006382e+00
1.000000000000000000e+00 3.777420622220655666e+00 7.589911510175181286e-01
1.000000000000000000e+00 6.800911481351863408e+00 -1.573990334977892314e+00
1.000000000000000000e+00 3.059607736448169302e+00 1.486193817884406965e+00
1.000000000000000000e+00 3.876864668211768894e+00 1.870434211886737641e+00
1.000000000000000000e+00 3.855904397936932959e+00 1.306527182139631371e+00
1.000000000000000000e+00 5.570898158906286923e+00 -1.092444955496240655e-01
1.000000000000000000e+00 4.377107563545879820e+00 1.072344474184446117e+00
1.000000000000000000e+00 3.420120518645491714e+00 2.139198492736935631e+00
1.000000000000000000e+00 5.386916110864793161e+00 -3.007931992890593986e-01
1.000000000000000000e+00 5.278864628576795504e+00 1.097200711080815516e+00
1.000000000000000000e+00 3.079954453871828868e+00 5.307592841727617472e-01
1.000000000000000000e+00 2.353385327113732828e+00 1.314811606806435496e+00
1.000000000000000000e+00 4.002938418529430109e+00 1.804766908662883695e+00
1.000000000000000000e+00 4.202191603766558536e+00 4.126661802708126575e-02
1.000000000000000000e+00 5.052282544762544347e+00 -5.567185151270567234e-01
1.000000000000000000e+00 3.418460174648966454e+00 1.637227840490812270e+00
1.000000000000000000e+00 1.836287481578974923e+00 2.613860535777824623e+00
1.000000000000000000e+00 3.263293688018552352e+00 2.599713027606482818e+00
1.000000000000000000e+00 4.556730348921261609e+00 -5.582777883626744986e-01
1.000000000000000000e+00 3.108734896310355378e+00 1.495770262377303705e+00
1.000000000000000000e+00 4.830817247196153019e+00 -1.134171511699409107e+00
1.000000000000000000e+00 4.241659478071669653e+00 1.915224925463919536e+00
1.000000000000000000e+00 2.450291233734126273e+00 1.896281907958378588e+00
1.000000000000000000e+00 3.338347067738580254e+00 1.611866604854189644e+00
1.000000000000000000e+00 2.862281825767278409e+00 1.835693544849403613e+00
1.000000000000000000e+00 3.903566021124929009e+00 2.001476910992730396e+00
1.000000000000000000e+00 4.764942600741610690e+00 3.919781714860230970e-01
1.000000000000000000e+00 3.619469009828705897e+00 1.441615626257756411e+00
1.000000000000000000e+00 5.621994829667097626e+00 2.243000943238319944e-01
1.000000000000000000e+00 5.118967850353265625e+00 -1.063615504240821519e+00
1.000000000000000000e+00 1.865659202808810369e+00 1.113761300141147048e+00
1.000000000000000000e+00 2.133333897288149039e+00 4.792153230355957749e-01
1.000000000000000000e+00 3.030760066480557402e+00 3.057879324336168381e+00
1.000000000000000000e+00 2.781332068643040945e+00 2.804677432961204975e+00
1.000000000000000000e+00 3.444257149345281821e+00 2.371944025284633106e+00
1.000000000000000000e+00 2.532608228264558115e+00 1.961209601110480261e+00
1.000000000000000000e+00 4.352258020913807535e+00 -1.084399544995860776e+00
1.000000000000000000e+00 3.092759619788060466e+00 1.067071719972255028e+00
