9.220000000000000000e+02 3.906250000000000000e-03
8.780000000000000000e+02 3.906250000000000000e-03
1.060000000000000000e+03 0.000000000000000000e+00
1.253000000000000000e+03 0.000000000000000000e+00
1.418000000000000000e+03 0.000000000000000000e+00
1.055000000000000000e+03 0.000000000000000000e+00
1.102000000000000000e+03 0.000000000000000000e+00
1.239000000000000000e+03 0.000000000000000000e+00
7.080000000000000000e+02 0.000000000000000000e+00
8.330000000000000000e+02 0.000000000000000000e+00
7.960000000000000000e+02 0.000000000000000000e+00
1.331000000000000000e+03 0.000000000000000000e+00
9.930000000000000000e+02 0.000000000000000000e+00
9.790000000000000000e+02 0.000000000000000000e+00
1.172000000000000000e+03 0.000000000000000000e+00
1.091000000000000000e+03 0.000000000000000000e+00
1.036000000000000000e+03 0.000000000000000000e+00
9.330000000000000000e+02 0.000000000000000000e+00
9.060000000000000000e+02 3.906250000000000000e-03
1.050000000000000000e+03 0.000000000000000000e+00
1.061000000000000000e+03 0.000000000000000000e+00
1.164000000000000000e+03 0.000000000000000000e+00
9.540000000000000000e+02 0.000000000000000000e+00
1.012000000000000000e+03 0.000000000000000000e+00
9.030000000000000000e+02 0.000000000000000000e+00
8.810000000000000000e+02 0.000000000000000000e+00
1.050000000000000000e+03 0.000000000000000000e+00
1.165000000000000000e+03 0.000000000000000000e+00
1.215000000000000000e+03 0.000000000000000000e+00
1.148000000000000000e+03 0.000000000000000000e+00
1.143000000000000000e+03 0.000000000000000000e+00
1.190000000000000000e+03 0.000000000000000000e+00
9.950000000000000000e+02 0.000000000000000000e+00
1.115000000000000000e+03 3.906250000000000000e-03
9.660000000000000000e+02 0.000000000000000000e+00
1.383000000000000000e+03 0.000000000000000000e+00
1.108000000000000000e+03 0.000000000000000000e+00
1.082000000000000000e+03 0.000000000000000000e+00
8.710000000000000000e+02 0.000000000000000000e+00
1.396000000000000000e+03 0.000000000000000000e+00
1.028000000000000000e+03 0.000000000000000000e+00
8.190000000000000000e+02 3.906250000000000000e-03
1.234000000000000000e+03 0.000000000000000000e+00
1.015000000000000000e+03 0.000000000000000000e+00
7.660000000000000000e+02 0.000000000000000000e+00
1.104000000000000000e+03 0.000000000000000000e+00
1.156000000000000000e+03 0.000000000000000000e+00
1.075000000000000000e+03 3.906250000000000000e-03
1.006000000000000000e+03 0.000000000000000000e+00
1.090000000000000000e+03 0.000000000000000000e+00
1.075000000000000000e+03 0.000000000000000000e+00
9.720000000000000000e+02 0.000000000000000000e+00
1.274000000000000000e+03 0.000000000000000000e+00
1.031000000000000000e+03 0.000000000000000000e+00
1.099000000000000000e+03 0.000000000000000000e+00
1.028000000000000000e+03 0.000000000000000000e+00
1.044000000000000000e+03 0.000000000000000000e+00
1.073000000000000000e+03 0.000000000000000000e+00
8.920000000000000000e+02 3.906250000000000000e-03
8.330000000000000000e+02 0.000000000000000000e+00
9.060000000000000000e+02 0.000000000000000000e+00
8.820000000000000000e+02 0.000000000000000000e+00
1.045000000000000000e+03 0.000000000000000000e+00
1.098000000000000000e+03 0.000000000000000000e+00
1.120000000000000000e+03 0.000000000000000000e+00
9.040000000000000000e+02 0.000000000000000000e+00
1.059000000000000000e+03 0.000000000000000000e+00
1.376000000000000000e+03 0.000000000000000000e+00
1.010000000000000000e+03 0.000000000000000000e+00
1.335000000000000000e+03 0.000000000000000000e+00
1.252000000000000000e+03 0.000000000000000000e+00
1.054000000000000000e+03 0.000000000000000000e+00
9.680000000000000000e+02 0.000000000000000000e+00
1.153000000000000000e+03 0.000000000000000000e+00
1.142000000000000000e+03 0.000000000000000000e+00
1.085000000000000000e+03 0.000000000000000000e+00
1.041000000000000000e+03 0.000000000000000000e+00
1.065000000000000000e+03 3.906250000000000000e-03
1.345000000000000000e+03 0.000000000000000000e+00
1.033000000000000000e+03 0.000000000000000000e+00
1.190000000000000000e+03 0.000000000000000000e+00
8.580000000000000000e+02 0.000000000000000000e+00
1.210000000000000000e+03 0.000000000000000000e+00
9.700000000000000000e+02 0.000000000000000000e+00
1.004000000000000000e+03 0.000000000000000000e+00
1.039000000000000000e+03 0.000000000000000000e+00
8.910000000000000000e+02 0.000000000000000000e+00
6.930000000000000000e+02 3.906250000000000000e-03
1.079000000000000000e+03 0.000000000000000000e+00
1.186000000000000000e+03 0.000000000000000000e+00
8.790000000000000000e+02 0.000000000000000000e+00
8.800000000000000000e+02 0.000000000000000000e+00
8.270000000000000000e+02 0.000000000000000000e+00
1.069000000000000000e+03 0.000000000000000000e+00
1.172000000000000000e+03 0.000000000000000000e+00
9.510000000000000000e+02 0.000000000000000000e+00
1.097000000000000000e+03 0.000000000000000000e+00
9.250000000000000000e+02 0.000000000000000000e+00
1.237000000000000000e+03 0.000000000000000000e+00
1.052000000000000000e+03 3.906250000000000000e-03
7.250000000000000000e+02 3.906250000000000000e-03
9.740000000000000000e+02 0.000000000000000000e+00
1.083000000000000000e+03 0.000000000000000000e+00
1.147000000000000000e+03 0.000000000000000000e+00
7.820000000000000000e+02 0.000000000000000000e+00
9.320000000000000000e+02 0.000000000000000000e+00
1.234000000000000000e+03 0.000000000000000000e+00
9.840000000000000000e+02 0.000000000000000000e+00
9.470000000000000000e+02 0.000000000000000000e+00
1.130000000000000000e+03 0.000000000000000000e+00
1.032000000000000000e+03 3.906250000000000000e-03
1.045000000000000000e+03 0.000000000000000000e+00
8.620000000000000000e+02 3.906250000000000000e-03
9.080000000000000000e+02 0.000000000000000000e+00
8.560000000000000000e+02 0.000000000000000000e+00
1.023000000000000000e+03 0.000000000000000000e+00
8.070000000000000000e+02 0.000000000000000000e+00
9.230000000000000000e+02 0.000000000000000000e+00
9.870000000000000000e+02 3.906250000000000000e-03
1.043000000000000000e+03 0.000000000000000000e+00
1.180000000000000000e+03 0.000000000000000000e+00
9.370000000000000000e+02 0.000000000000000000e+00
6.520000000000000000e+02 3.906250000000000000e-03
1.061000000000000000e+03 0.000000000000000000e+00
8.930000000000000000e+02 0.000000000000000000e+00
1.120000000000000000e+03 0.000000000000000000e+00
1.184000000000000000e+03 0.000000000000000000e+00
9.620000000000000000e+02 0.000000000000000000e+00
1.107000000000000000e+03 0.000000000000000000e+00
1.139000000000000000e+03 0.000000000000000000e+00
9.150000000000000000e+02 0.000000000000000000e+00
1.189000000000000000e+03 0.000000000000000000e+00
1.020000000000000000e+03 0.000000000000000000e+00
7.810000000000000000e+02 0.000000000000000000e+00
1.071000000000000000e+03 0.000000000000000000e+00
1.045000000000000000e+03 0.000000000000000000e+00
9.270000000000000000e+02 0.000000000000000000e+00
1.013000000000000000e+03 0.000000000000000000e+00
1.056000000000000000e+03 0.000000000000000000e+00
1.181000000000000000e+03 0.000000000000000000e+00
9.040000000000000000e+02 3.906250000000000000e-03
8.920000000000000000e+02 0.000000000000000000e+00
8.090000000000000000e+02 0.000000000000000000e+00
1.004000000000000000e+03 0.000000000000000000e+00
1.300000000000000000e+03 0.000000000000000000e+00
1.178000000000000000e+03 0.000000000000000000e+00
1.002000000000000000e+03 0.000000000000000000e+00
8.620000000000000000e+02 3.906250000000000000e-03
1.194000000000000000e+03 0.000000000000000000e+00
1.104000000000000000e+03 0.000000000000000000e+00
9.910000000000000000e+02 0.000000000000000000e+00
8.820000000000000000e+02 0.000000000000000000e+00
1.018000000000000000e+03 0.000000000000000000e+00
1.026000000000000000e+03 0.000000000000000000e+00
1.090000000000000000e+03 0.000000000000000000e+00
1.016000000000000000e+03 0.000000000000000000e+00
9.080000000000000000e+02 0.000000000000000000e+00
1.040000000000000000e+03 0.000000000000000000e+00
1.073000000000000000e+03 0.000000000000000000e+00
9.580000000000000000e+02 0.000000000000000000e+00
1.069000000000000000e+03 3.906250000000000000e-03
1.166000000000000000e+03 0.000000000000000000e+00
8.000000000000000000e+02 3.906250000000000000e-03
1.242000000000000000e+03 0.000000000000000000e+00
1.028000000000000000e+03 3.906250000000000000e-03
8.390000000000000000e+02 0.000000000000000000e+00
1.045000000000000000e+03 0.000000000000000000e+00
1.077000000000000000e+03 0.000000000000000000e+00
1.102000000000000000e+03 0.000000000000000000e+00
1.007000000000000000e+03 0.000000000000000000e+00
1.079000000000000000e+03 0.000000000000000000e+00
1.077000000000000000e+03 0.000000000000000000e+00
8.720000000000000000e+02 3.906250000000000000e-03
1.209000000000000000e+03 0.000000000000000000e+00
9.820000000000000000e+02 0.000000000000000000e+00
9.140000000000000000e+02 0.000000000000000000e+00
9.710000000000000000e+02 0.000000000000000000e+00
1.039000000000000000e+03 0.000000000000000000e+00
8.750000000000000000e+02 0.000000000000000000e+00
1.093000000000000000e+03 0.000000000000000000e+00
1.049000000000000000e+03 0.000000000000000000e+00
1.179000000000000000e+03 0.000000000000000000e+00
5.600000000000000000e+02 3.906250000000000000e-03
1.038000000000000000e+03 3.906250000000000000e-03
9.160000000000000000e+02 0.000000000000000000e+00
1.132000000000000000e+03 0.000000000000000000e+00
1.175000000000000000e+03 0.000000000000000000e+00
1.192000000000000000e+03 0.000000000000000000e+00
1.084000000000000000e+03 0.000000000000000000e+00
9.540000000000000000e+02 0.000000000000000000e+00
9.280000000000000000e+02 0.000000000000000000e+00
9.370000000000000000e+02 0.000000000000000000e+00
9.350000000000000000e+02 0.000000000000000000e+00
1.020000000000000000e+03 0.000000000000000000e+00
1.287000000000000000e+03 0.000000000000000000e+00
1.102000000000000000e+03 0.000000000000000000e+00
1.082000000000000000e+03 0.000000000000000000e+00
8.680000000000000000e+02 3.906250000000000000e-03
1.396000000000000000e+03 0.000000000000000000e+00
7.550000000000000000e+02 0.000000000000000000e+00
1.276000000000000000e+03 0.000000000000000000e+00
1.138000000000000000e+03 0.000000000000000000e+00
1.104000000000000000e+03 0.000000000000000000e+00
9.900000000000000000e+02 0.000000000000000000e+00
9.670000000000000000e+02 0.000000000000000000e+00
1.250000000000000000e+03 0.000000000000000000e+00
1.298000000000000000e+03 3.906250000000000000e-03
9.570000000000000000e+02 3.906250000000000000e-03
1.108000000000000000e+03 0.000000000000000000e+00
9.580000000000000000e+02 0.000000000000000000e+00
8.970000000000000000e+02 0.000000000000000000e+00
9.510000000000000000e+02 0.000000000000000000e+00
1.133000000000000000e+03 0.000000000000000000e+00
1.082000000000000000e+03 0.000000000000000000e+00
9.590000000000000000e+02 0.000000000000000000e+00
1.106000000000000000e+03 0.000000000000000000e+00
7.390000000000000000e+02 3.906250000000000000e-03
1.052000000000000000e+03 0.000000000000000000e+00
1.057000000000000000e+03 0.000000000000000000e+00
8.860000000000000000e+02 0.000000000000000000e+00
1.058000000000000000e+03 0.000000000000000000e+00
1.348000000000000000e+03 0.000000000000000000e+00
1.141000000000000000e+03 0.000000000000000000e+00
1.196000000000000000e+03 0.000000000000000000e+00
1.168000000000000000e+03 0.000000000000000000e+00
1.257000000000000000e+03 0.000000000000000000e+00
1.060000000000000000e+03 0.000000000000000000e+00
1.102000000000000000e+03 0.000000000000000000e+00
1.173000000000000000e+03 0.000000000000000000e+00
1.098000000000000000e+03 0.000000000000000000e+00
1.054000000000000000e+03 0.000000000000000000e+00
7.390000000000000000e+02 0.000000000000000000e+00
1.012000000000000000e+03 0.000000000000000000e+00
1.258000000000000000e+03 0.000000000000000000e+00
9.780000000000000000e+02 0.000000000000000000e+00
1.047000000000000000e+03 0.000000000000000000e+00
1.304000000000000000e+03 0.000000000000000000e+00
8.640000000000000000e+02 0.000000000000000000e+00
9.970000000000000000e+02 0.000000000000000000e+00
1.111000000000000000e+03 0.000000000000000000e+00
1.133000000000000000e+03 0.000000000000000000e+00
9.900000000000000000e+02 0.000000000000000000e+00
8.550000000000000000e+02 0.000000000000000000e+00
9.640000000000000000e+02 0.000000000000000000e+00
1.415000000000000000e+03 0.000000000000000000e+00
1.154000000000000000e+03 0.000000000000000000e+00
8.530000000000000000e+02 0.000000000000000000e+00
1.103000000000000000e+03 0.000000000000000000e+00
1.084000000000000000e+03 0.000000000000000000e+00
8.630000000000000000e+02 0.000000000000000000e+00
1.152000000000000000e+03 0.000000000000000000e+00
8.090000000000000000e+02 0.000000000000000000e+00
1.018000000000000000e+03 0.000000000000000000e+00
9.740000000000000000e+02 0.000000000000000000e+00
8.460000000000000000e+02 0.000000000000000000e+00
7.230000000000000000e+02 0.000000000000000000e+00
1.116000000000000000e+03 0.000000000000000000e+00
1.102000000000000000e+03 3.906250000000000000e-03
8.640000000000000000e+02 0.000000000000000000e+00
7.670000000000000000e+02 0.000000000000000000e+00
1.084000000000000000e+03 0.000000000000000000e+00
1.071000000000000000e+03 0.000000000000000000e+00
7.730000000000000000e+02 0.000000000000000000e+00
7.820000000000000000e+02 3.906250000000000000e-03
1.113000000000000000e+03 0.000000000000000000e+00
1.237000000000000000e+03 0.000000000000000000e+00
1.154000000000000000e+03 0.000000000000000000e+00
1.348000000000000000e+03 0.000000000000000000e+00
1.088000000000000000e+03 0.000000000000000000e+00
7.930000000000000000e+02 0.000000000000000000e+00
9.660000000000000000e+02 0.000000000000000000e+00
8.490000000000000000e+02 0.000000000000000000e+00
7.940000000000000000e+02 0.000000000000000000e+00
1.126000000000000000e+03 0.000000000000000000e+00
1.428000000000000000e+03 0.000000000000000000e+00
7.430000000000000000e+02 3.906250000000000000e-03
1.037000000000000000e+03 0.000000000000000000e+00
7.930000000000000000e+02 0.000000000000000000e+00
1.442000000000000000e+03 0.000000000000000000e+00
9.200000000000000000e+02 0.000000000000000000e+00
9.080000000000000000e+02 0.000000000000000000e+00
1.027000000000000000e+03 3.906250000000000000e-03
1.070000000000000000e+03 0.000000000000000000e+00
9.580000000000000000e+02 0.000000000000000000e+00
1.052000000000000000e+03 0.000000000000000000e+00
1.133000000000000000e+03 0.000000000000000000e+00
1.008000000000000000e+03 0.000000000000000000e+00
8.290000000000000000e+02 0.000000000000000000e+00
1.150000000000000000e+03 0.000000000000000000e+00
1.082000000000000000e+03 0.000000000000000000e+00
1.228000000000000000e+03 0.000000000000000000e+00
1.026000000000000000e+03 0.000000000000000000e+00
9.650000000000000000e+02 0.000000000000000000e+00
9.140000000000000000e+02 0.000000000000000000e+00
1.102000000000000000e+03 0.000000000000000000e+00
9.260000000000000000e+02 0.000000000000000000e+00
1.238000000000000000e+03 0.000000000000000000e+00
1.136000000000000000e+03 0.000000000000000000e+00
1.009000000000000000e+03 0.000000000000000000e+00
1.429000000000000000e+03 0.000000000000000000e+00
9.470000000000000000e+02 0.000000000000000000e+00
9.580000000000000000e+02 0.000000000000000000e+00
1.175000000000000000e+03 0.000000000000000000e+00
8.810000000000000000e+02 0.000000000000000000e+00
9.570000000000000000e+02 0.000000000000000000e+00
1.209000000000000000e+03 0.000000000000000000e+00
1.134000000000000000e+03 0.000000000000000000e+00
9.180000000000000000e+02 0.000000000000000000e+00
9.240000000000000000e+02 0.000000000000000000e+00
8.880000000000000000e+02 0.000000000000000000e+00
1.060000000000000000e+03 0.000000000000000000e+00
9.980000000000000000e+02 0.000000000000000000e+00
1.096000000000000000e+03 0.000000000000000000e+00
1.080000000000000000e+03 3.906250000000000000e-03
1.165000000000000000e+03 0.000000000000000000e+00
1.036000000000000000e+03 0.000000000000000000e+00
8.650000000000000000e+02 0.000000000000000000e+00
9.750000000000000000e+02 0.000000000000000000e+00
1.012000000000000000e+03 0.000000000000000000e+00
9.090000000000000000e+02 0.000000000000000000e+00
8.050000000000000000e+02 0.000000000000000000e+00
1.030000000000000000e+03 0.000000000000000000e+00
1.163000000000000000e+03 0.000000000000000000e+00
1.112000000000000000e+03 0.000000000000000000e+00
9.670000000000000000e+02 0.000000000000000000e+00
9.100000000000000000e+02 0.000000000000000000e+00
1.190000000000000000e+03 0.000000000000000000e+00
1.155000000000000000e+03 0.000000000000000000e+00
1.056000000000000000e+03 0.000000000000000000e+00
1.055000000000000000e+03 0.000000000000000000e+00
8.890000000000000000e+02 0.000000000000000000e+00
1.051000000000000000e+03 0.000000000000000000e+00
1.156000000000000000e+03 0.000000000000000000e+00
9.150000000000000000e+02 0.000000000000000000e+00
8.840000000000000000e+02 3.906250000000000000e-03
1.015000000000000000e+03 0.000000000000000000e+00
1.375000000000000000e+03 0.000000000000000000e+00
7.650000000000000000e+02 3.906250000000000000e-03
1.114000000000000000e+03 0.000000000000000000e+00
1.063000000000000000e+03 0.000000000000000000e+00
1.147000000000000000e+03 0.000000000000000000e+00
1.015000000000000000e+03 3.906250000000000000e-03
7.490000000000000000e+02 3.906250000000000000e-03
8.800000000000000000e+02 0.000000000000000000e+00
9.790000000000000000e+02 0.000000000000000000e+00
1.035000000000000000e+03 0.000000000000000000e+00
1.016000000000000000e+03 0.000000000000000000e+00
1.235000000000000000e+03 0.000000000000000000e+00
6.990000000000000000e+02 3.906250000000000000e-03
7.770000000000000000e+02 3.906250000000000000e-03
1.003000000000000000e+03 0.000000000000000000e+00
1.199000000000000000e+03 0.000000000000000000e+00
8.560000000000000000e+02 0.000000000000000000e+00
1.062000000000000000e+03 0.000000000000000000e+00
1.040000000000000000e+03 0.000000000000000000e+00
7.270000000000000000e+02 3.906250000000000000e-03
1.013000000000000000e+03 0.000000000000000000e+00
1.284000000000000000e+03 0.000000000000000000e+00
1.172000000000000000e+03 0.000000000000000000e+00
1.108000000000000000e+03 0.000000000000000000e+00
7.970000000000000000e+02 0.000000000000000000e+00
1.004000000000000000e+03 0.000000000000000000e+00
1.354000000000000000e+03 0.000000000000000000e+00
9.380000000000000000e+02 0.000000000000000000e+00
9.270000000000000000e+02 0.000000000000000000e+00
9.060000000000000000e+02 0.000000000000000000e+00
9.340000000000000000e+02 0.000000000000000000e+00
1.030000000000000000e+03 0.000000000000000000e+00
7.330000000000000000e+02 3.906250000000000000e-03
1.268000000000000000e+03 0.000000000000000000e+00
1.089000000000000000e+03 0.000000000000000000e+00
9.990000000000000000e+02 0.000000000000000000e+00
7.850000000000000000e+02 3.906250000000000000e-03
1.007000000000000000e+03 0.000000000000000000e+00
1.014000000000000000e+03 0.000000000000000000e+00
9.170000000000000000e+02 3.906250000000000000e-03
1.113000000000000000e+03 0.000000000000000000e+00
1.012000000000000000e+03 0.000000000000000000e+00
1.382000000000000000e+03 0.000000000000000000e+00
1.122000000000000000e+03 0.000000000000000000e+00
1.016000000000000000e+03 0.000000000000000000e+00
1.220000000000000000e+03 0.000000000000000000e+00
1.138000000000000000e+03 0.000000000000000000e+00
9.290000000000000000e+02 0.000000000000000000e+00
1.179000000000000000e+03 0.000000000000000000e+00
9.280000000000000000e+02 0.000000000000000000e+00
8.520000000000000000e+02 0.000000000000000000e+00
8.770000000000000000e+02 0.000000000000000000e+00
1.213000000000000000e+03 0.000000000000000000e+00
1.039000000000000000e+03 0.000000000000000000e+00
9.810000000000000000e+02 0.000000000000000000e+00
9.650000000000000000e+02 3.906250000000000000e-03
1.189000000000000000e+03 0.000000000000000000e+00
1.068000000000000000e+03 0.000000000000000000e+00
1.004000000000000000e+03 0.000000000000000000e+00
1.214000000000000000e+03 0.000000000000000000e+00
8.330000000000000000e+02 0.000000000000000000e+00
1.054000000000000000e+03 0.000000000000000000e+00
1.041000000000000000e+03 0.000000000000000000e+00
1.197000000000000000e+03 0.000000000000000000e+00
9.240000000000000000e+02 0.000000000000000000e+00
9.060000000000000000e+02 3.906250000000000000e-03
1.136000000000000000e+03 0.000000000000000000e+00
7.380000000000000000e+02 0.000000000000000000e+00
1.241000000000000000e+03 0.000000000000000000e+00
1.254000000000000000e+03 0.000000000000000000e+00
8.840000000000000000e+02 3.906250000000000000e-03
7.700000000000000000e+02 3.906250000000000000e-03
9.170000000000000000e+02 0.000000000000000000e+00
1.154000000000000000e+03 0.000000000000000000e+00
1.063000000000000000e+03 0.000000000000000000e+00
1.204000000000000000e+03 0.000000000000000000e+00
1.045000000000000000e+03 0.000000000000000000e+00
1.211000000000000000e+03 0.000000000000000000e+00
8.980000000000000000e+02 0.000000000000000000e+00
9.030000000000000000e+02 0.000000000000000000e+00
9.600000000000000000e+02 0.000000000000000000e+00
1.037000000000000000e+03 0.000000000000000000e+00
8.120000000000000000e+02 0.000000000000000000e+00
8.800000000000000000e+02 0.000000000000000000e+00
8.390000000000000000e+02 0.000000000000000000e+00
9.970000000000000000e+02 0.000000000000000000e+00
1.063000000000000000e+03 0.000000000000000000e+00
1.094000000000000000e+03 0.000000000000000000e+00
1.129000000000000000e+03 0.000000000000000000e+00
8.510000000000000000e+02 0.000000000000000000e+00
1.154000000000000000e+03 0.000000000000000000e+00
9.930000000000000000e+02 3.906250000000000000e-03
9.920000000000000000e+02 0.000000000000000000e+00
1.147000000000000000e+03 0.000000000000000000e+00
9.020000000000000000e+02 0.000000000000000000e+00
8.720000000000000000e+02 0.000000000000000000e+00
1.184000000000000000e+03 0.000000000000000000e+00
1.044000000000000000e+03 0.000000000000000000e+00
9.870000000000000000e+02 0.000000000000000000e+00
1.057000000000000000e+03 0.000000000000000000e+00
9.640000000000000000e+02 0.000000000000000000e+00
8.170000000000000000e+02 3.906250000000000000e-03
1.039000000000000000e+03 0.000000000000000000e+00
1.009000000000000000e+03 0.000000000000000000e+00
1.031000000000000000e+03 0.000000000000000000e+00
1.115000000000000000e+03 0.000000000000000000e+00
1.133000000000000000e+03 0.000000000000000000e+00
1.410000000000000000e+03 0.000000000000000000e+00
1.208000000000000000e+03 0.000000000000000000e+00
1.113000000000000000e+03 0.000000000000000000e+00
1.141000000000000000e+03 0.000000000000000000e+00
9.040000000000000000e+02 3.906250000000000000e-03
9.780000000000000000e+02 0.000000000000000000e+00
1.235000000000000000e+03 0.000000000000000000e+00
8.830000000000000000e+02 0.000000000000000000e+00
9.130000000000000000e+02 0.000000000000000000e+00
9.580000000000000000e+02 0.000000000000000000e+00
1.203000000000000000e+03 0.000000000000000000e+00
9.180000000000000000e+02 0.000000000000000000e+00
8.960000000000000000e+02 0.000000000000000000e+00
9.070000000000000000e+02 0.000000000000000000e+00
1.037000000000000000e+03 0.000000000000000000e+00
1.180000000000000000e+03 3.906250000000000000e-03
1.161000000000000000e+03 0.000000000000000000e+00
1.086000000000000000e+03 0.000000000000000000e+00
9.400000000000000000e+02 0.000000000000000000e+00
9.550000000000000000e+02 0.000000000000000000e+00
9.830000000000000000e+02 0.000000000000000000e+00
9.330000000000000000e+02 0.000000000000000000e+00
9.230000000000000000e+02 0.000000000000000000e+00
1.066000000000000000e+03 0.000000000000000000e+00
8.640000000000000000e+02 0.000000000000000000e+00
1.033000000000000000e+03 0.000000000000000000e+00
9.280000000000000000e+02 3.906250000000000000e-03
1.064000000000000000e+03 0.000000000000000000e+00
9.360000000000000000e+02 0.000000000000000000e+00
1.012000000000000000e+03 3.906250000000000000e-03
1.240000000000000000e+03 0.000000000000000000e+00
1.105000000000000000e+03 0.000000000000000000e+00
8.040000000000000000e+02 0.000000000000000000e+00
1.137000000000000000e+03 0.000000000000000000e+00
1.047000000000000000e+03 0.000000000000000000e+00
1.071000000000000000e+03 0.000000000000000000e+00
9.380000000000000000e+02 3.906250000000000000e-03
8.520000000000000000e+02 0.000000000000000000e+00
1.318000000000000000e+03 0.000000000000000000e+00
1.040000000000000000e+03 0.000000000000000000e+00
1.007000000000000000e+03 0.000000000000000000e+00
1.137000000000000000e+03 0.000000000000000000e+00
1.005000000000000000e+03 0.000000000000000000e+00
1.076000000000000000e+03 0.000000000000000000e+00
9.390000000000000000e+02 0.000000000000000000e+00
9.800000000000000000e+02 0.000000000000000000e+00
1.237000000000000000e+03 0.000000000000000000e+00
1.044000000000000000e+03 0.000000000000000000e+00
9.880000000000000000e+02 0.000000000000000000e+00
1.216000000000000000e+03 3.906250000000000000e-03
1.070000000000000000e+03 0.000000000000000000e+00
1.244000000000000000e+03 0.000000000000000000e+00
8.320000000000000000e+02 0.000000000000000000e+00
1.073000000000000000e+03 3.906250000000000000e-03
1.060000000000000000e+03 0.000000000000000000e+00
1.145000000000000000e+03 0.000000000000000000e+00
1.189000000000000000e+03 0.000000000000000000e+00
1.080000000000000000e+03 0.000000000000000000e+00
1.244000000000000000e+03 0.000000000000000000e+00
9.430000000000000000e+02 0.000000000000000000e+00
1.080000000000000000e+03 0.000000000000000000e+00
8.110000000000000000e+02 3.906250000000000000e-03
1.105000000000000000e+03 0.000000000000000000e+00
1.509000000000000000e+03 0.000000000000000000e+00
6.790000000000000000e+02 3.906250000000000000e-03
7.750000000000000000e+02 3.906250000000000000e-03
1.053000000000000000e+03 0.000000000000000000e+00
9.760000000000000000e+02 0.000000000000000000e+00
9.130000000000000000e+02 0.000000000000000000e+00
1.010000000000000000e+03 0.000000000000000000e+00
8.300000000000000000e+02 0.000000000000000000e+00
1.064000000000000000e+03 0.000000000000000000e+00
1.090000000000000000e+03 0.000000000000000000e+00
8.190000000000000000e+02 0.000000000000000000e+00
1.057000000000000000e+03 0.000000000000000000e+00
1.367000000000000000e+03 3.906250000000000000e-03
9.710000000000000000e+02 0.000000000000000000e+00
1.086000000000000000e+03 0.000000000000000000e+00
9.710000000000000000e+02 0.000000000000000000e+00
9.360000000000000000e+02 0.000000000000000000e+00
1.029000000000000000e+03 0.000000000000000000e+00
9.590000000000000000e+02 3.906250000000000000e-03
1.051000000000000000e+03 0.000000000000000000e+00
1.023000000000000000e+03 0.000000000000000000e+00
8.010000000000000000e+02 0.000000000000000000e+00
1.031000000000000000e+03 0.000000000000000000e+00
1.213000000000000000e+03 3.906250000000000000e-03
8.960000000000000000e+02 3.906250000000000000e-03
1.452000000000000000e+03 0.000000000000000000e+00
8.900000000000000000e+02 0.000000000000000000e+00
1.096000000000000000e+03 0.000000000000000000e+00
8.100000000000000000e+02 0.000000000000000000e+00
1.296000000000000000e+03 0.000000000000000000e+00
8.950000000000000000e+02 3.906250000000000000e-03
1.215000000000000000e+03 0.000000000000000000e+00
9.210000000000000000e+02 0.000000000000000000e+00
1.330000000000000000e+03 0.000000000000000000e+00
1.154000000000000000e+03 0.000000000000000000e+00
1.006000000000000000e+03 0.000000000000000000e+00
1.023000000000000000e+03 0.000000000000000000e+00
1.196000000000000000e+03 0.000000000000000000e+00
9.630000000000000000e+02 0.000000000000000000e+00
1.072000000000000000e+03 0.000000000000000000e+00
1.071000000000000000e+03 0.000000000000000000e+00
8.570000000000000000e+02 0.000000000000000000e+00
1.289000000000000000e+03 0.000000000000000000e+00
1.037000000000000000e+03 0.000000000000000000e+00
7.190000000000000000e+02 0.000000000000000000e+00
1.215000000000000000e+03 0.000000000000000000e+00
1.013000000000000000e+03 0.000000000000000000e+00
9.550000000000000000e+02 0.000000000000000000e+00
1.139000000000000000e+03 0.000000000000000000e+00
1.300000000000000000e+03 0.000000000000000000e+00
1.170000000000000000e+03 0.000000000000000000e+00
9.540000000000000000e+02 0.000000000000000000e+00
1.000000000000000000e+03 0.000000000000000000e+00
8.190000000000000000e+02 0.000000000000000000e+00
1.200000000000000000e+03 3.906250000000000000e-03
8.690000000000000000e+02 0.000000000000000000e+00
9.500000000000000000e+02 0.000000000000000000e+00
1.079000000000000000e+03 0.000000000000000000e+00
1.137000000000000000e+03 0.000000000000000000e+00
1.207000000000000000e+03 0.000000000000000000e+00
1.057000000000000000e+03 0.000000000000000000e+00
1.062000000000000000e+03 0.000000000000000000e+00
1.212000000000000000e+03 0.000000000000000000e+00
1.067000000000000000e+03 0.000000000000000000e+00
1.074000000000000000e+03 0.000000000000000000e+00
1.098000000000000000e+03 0.000000000000000000e+00
1.002000000000000000e+03 0.000000000000000000e+00
1.086000000000000000e+03 0.000000000000000000e+00
1.031000000000000000e+03 0.000000000000000000e+00
1.121000000000000000e+03 0.000000000000000000e+00
1.020000000000000000e+03 0.000000000000000000e+00
1.019000000000000000e+03 0.000000000000000000e+00
1.095000000000000000e+03 0.000000000000000000e+00
9.290000000000000000e+02 0.000000000000000000e+00
1.136000000000000000e+03 3.906250000000000000e-03
9.500000000000000000e+02 0.000000000000000000e+00
1.148000000000000000e+03 0.000000000000000000e+00
9.070000000000000000e+02 0.000000000000000000e+00
7.750000000000000000e+02 3.906250000000000000e-03
9.200000000000000000e+02 3.906250000000000000e-03
1.097000000000000000e+03 0.000000000000000000e+00
1.153000000000000000e+03 0.000000000000000000e+00
1.085000000000000000e+03 0.000000000000000000e+00
8.800000000000000000e+02 0.000000000000000000e+00
1.022000000000000000e+03 0.000000000000000000e+00
1.046000000000000000e+03 0.000000000000000000e+00
9.250000000000000000e+02 0.000000000000000000e+00
7.440000000000000000e+02 3.906250000000000000e-03
1.102000000000000000e+03 0.000000000000000000e+00
1.237000000000000000e+03 0.000000000000000000e+00
9.280000000000000000e+02 0.000000000000000000e+00
9.590000000000000000e+02 3.906250000000000000e-03
1.142000000000000000e+03 3.906250000000000000e-03
1.077000000000000000e+03 0.000000000000000000e+00
1.120000000000000000e+03 0.000000000000000000e+00
9.970000000000000000e+02 0.000000000000000000e+00
9.200000000000000000e+02 0.000000000000000000e+00
1.161000000000000000e+03 0.000000000000000000e+00
1.048000000000000000e+03 0.000000000000000000e+00
7.400000000000000000e+02 0.000000000000000000e+00
6.590000000000000000e+02 0.000000000000000000e+00
1.001000000000000000e+03 0.000000000000000000e+00
9.150000000000000000e+02 0.000000000000000000e+00
1.296000000000000000e+03 3.906250000000000000e-03
1.146000000000000000e+03 0.000000000000000000e+00
1.233000000000000000e+03 0.000000000000000000e+00
8.560000000000000000e+02 0.000000000000000000e+00
9.260000000000000000e+02 0.000000000000000000e+00
8.780000000000000000e+02 0.000000000000000000e+00
9.770000000000000000e+02 3.906250000000000000e-03
1.074000000000000000e+03 0.000000000000000000e+00
9.260000000000000000e+02 0.000000000000000000e+00
1.109000000000000000e+03 0.000000000000000000e+00
1.117000000000000000e+03 3.906250000000000000e-03
9.320000000000000000e+02 0.000000000000000000e+00
8.220000000000000000e+02 3.906250000000000000e-03
8.840000000000000000e+02 3.906250000000000000e-03
1.172000000000000000e+03 0.000000000000000000e+00
8.110000000000000000e+02 0.000000000000000000e+00
1.179000000000000000e+03 0.000000000000000000e+00
1.056000000000000000e+03 0.000000000000000000e+00
1.281000000000000000e+03 0.000000000000000000e+00
8.860000000000000000e+02 0.000000000000000000e+00
1.128000000000000000e+03 0.000000000000000000e+00
1.114000000000000000e+03 0.000000000000000000e+00
1.123000000000000000e+03 0.000000000000000000e+00
1.188000000000000000e+03 0.000000000000000000e+00
1.087000000000000000e+03 0.000000000000000000e+00
1.044000000000000000e+03 0.000000000000000000e+00
8.340000000000000000e+02 0.000000000000000000e+00
1.092000000000000000e+03 0.000000000000000000e+00
8.290000000000000000e+02 0.000000000000000000e+00
1.092000000000000000e+03 0.000000000000000000e+00
1.246000000000000000e+03 0.000000000000000000e+00
7.710000000000000000e+02 0.000000000000000000e+00
9.810000000000000000e+02 0.000000000000000000e+00
1.273000000000000000e+03 0.000000000000000000e+00
1.011000000000000000e+03 0.000000000000000000e+00
1.091000000000000000e+03 0.000000000000000000e+00
1.258000000000000000e+03 3.906250000000000000e-03
1.361000000000000000e+03 0.000000000000000000e+00
8.860000000000000000e+02 0.000000000000000000e+00
1.022000000000000000e+03 0.000000000000000000e+00
1.118000000000000000e+03 0.000000000000000000e+00
8.000000000000000000e+02 3.906250000000000000e-03
9.580000000000000000e+02 0.000000000000000000e+00
1.077000000000000000e+03 0.000000000000000000e+00
1.088000000000000000e+03 0.000000000000000000e+00
1.136000000000000000e+03 0.000000000000000000e+00
9.850000000000000000e+02 0.000000000000000000e+00
1.168000000000000000e+03 0.000000000000000000e+00
9.080000000000000000e+02 0.000000000000000000e+00
1.140000000000000000e+03 0.000000000000000000e+00
8.420000000000000000e+02 0.000000000000000000e+00
1.061000000000000000e+03 0.000000000000000000e+00
7.630000000000000000e+02 3.906250000000000000e-03
8.870000000000000000e+02 0.000000000000000000e+00
8.440000000000000000e+02 0.000000000000000000e+00
9.260000000000000000e+02 0.000000000000000000e+00
1.004000000000000000e+03 0.000000000000000000e+00
8.930000000000000000e+02 0.000000000000000000e+00
1.026000000000000000e+03 0.000000000000000000e+00
8.070000000000000000e+02 0.000000000000000000e+00
9.350000000000000000e+02 0.000000000000000000e+00
1.162000000000000000e+03 0.000000000000000000e+00
1.071000000000000000e+03 0.000000000000000000e+00
9.210000000000000000e+02 0.000000000000000000e+00
1.059000000000000000e+03 0.000000000000000000e+00
6.910000000000000000e+02 3.906250000000000000e-03
9.430000000000000000e+02 0.000000000000000000e+00
9.530000000000000000e+02 0.000000000000000000e+00
1.195000000000000000e+03 0.000000000000000000e+00
8.910000000000000000e+02 0.000000000000000000e+00
1.046000000000000000e+03 0.000000000000000000e+00
9.690000000000000000e+02 0.000000000000000000e+00
1.128000000000000000e+03 0.000000000000000000e+00
9.510000000000000000e+02 0.000000000000000000e+00
8.530000000000000000e+02 0.000000000000000000e+00
1.355000000000000000e+03 0.000000000000000000e+00
9.150000000000000000e+02 0.000000000000000000e+00
9.830000000000000000e+02 0.000000000000000000e+00
8.910000000000000000e+02 3.906250000000000000e-03
9.750000000000000000e+02 0.000000000000000000e+00
1.021000000000000000e+03 0.000000000000000000e+00
1.150000000000000000e+03 0.000000000000000000e+00
1.104000000000000000e+03 0.000000000000000000e+00
9.740000000000000000e+02 0.000000000000000000e+00
9.360000000000000000e+02 0.000000000000000000e+00
8.950000000000000000e+02 0.000000000000000000e+00
1.083000000000000000e+03 0.000000000000000000e+00
8.980000000000000000e+02 0.000000000000000000e+00
8.450000000000000000e+02 0.000000000000000000e+00
1.063000000000000000e+03 0.000000000000000000e+00
1.026000000000000000e+03 0.000000000000000000e+00
1.221000000000000000e+03 0.000000000000000000e+00
9.430000000000000000e+02 0.000000000000000000e+00
9.310000000000000000e+02 0.000000000000000000e+00
1.140000000000000000e+03 0.000000000000000000e+00
9.440000000000000000e+02 0.000000000000000000e+00
8.800000000000000000e+02 0.000000000000000000e+00
9.570000000000000000e+02 0.000000000000000000e+00
1.469000000000000000e+03 0.000000000000000000e+00
1.065000000000000000e+03 0.000000000000000000e+00
8.890000000000000000e+02 0.000000000000000000e+00
1.018000000000000000e+03 0.000000000000000000e+00
9.160000000000000000e+02 3.906250000000000000e-03
1.045000000000000000e+03 0.000000000000000000e+00
1.099000000000000000e+03 0.000000000000000000e+00
1.097000000000000000e+03 0.000000000000000000e+00
1.053000000000000000e+03 0.000000000000000000e+00
8.710000000000000000e+02 0.000000000000000000e+00
1.014000000000000000e+03 3.906250000000000000e-03
9.320000000000000000e+02 0.000000000000000000e+00
1.129000000000000000e+03 0.000000000000000000e+00
9.530000000000000000e+02 0.000000000000000000e+00
1.088000000000000000e+03 0.000000000000000000e+00
1.229000000000000000e+03 0.000000000000000000e+00
1.026000000000000000e+03 0.000000000000000000e+00
1.198000000000000000e+03 0.000000000000000000e+00
7.940000000000000000e+02 0.000000000000000000e+00
1.084000000000000000e+03 0.000000000000000000e+00
8.000000000000000000e+02 3.906250000000000000e-03
1.041000000000000000e+03 0.000000000000000000e+00
9.230000000000000000e+02 0.000000000000000000e+00
8.070000000000000000e+02 0.000000000000000000e+00
1.029000000000000000e+03 0.000000000000000000e+00
1.167000000000000000e+03 3.906250000000000000e-03
1.216000000000000000e+03 0.000000000000000000e+00
1.156000000000000000e+03 0.000000000000000000e+00
9.680000000000000000e+02 3.906250000000000000e-03
9.890000000000000000e+02 0.000000000000000000e+00
1.132000000000000000e+03 0.000000000000000000e+00
9.930000000000000000e+02 0.000000000000000000e+00
8.750000000000000000e+02 3.906250000000000000e-03
1.174000000000000000e+03 0.000000000000000000e+00
9.750000000000000000e+02 0.000000000000000000e+00
9.250000000000000000e+02 0.000000000000000000e+00
1.033000000000000000e+03 0.000000000000000000e+00
8.770000000000000000e+02 0.000000000000000000e+00
9.010000000000000000e+02 0.000000000000000000e+00
8.200000000000000000e+02 3.906250000000000000e-03
1.066000000000000000e+03 0.000000000000000000e+00
1.038000000000000000e+03 0.000000000000000000e+00
7.090000000000000000e+02 3.906250000000000000e-03
9.020000000000000000e+02 0.000000000000000000e+00
1.065000000000000000e+03 0.000000000000000000e+00
1.160000000000000000e+03 0.000000000000000000e+00
1.083000000000000000e+03 0.000000000000000000e+00
9.850000000000000000e+02 0.000000000000000000e+00
1.263000000000000000e+03 0.000000000000000000e+00
8.710000000000000000e+02 0.000000000000000000e+00
9.840000000000000000e+02 0.000000000000000000e+00
7.240000000000000000e+02 0.000000000000000000e+00
9.090000000000000000e+02 3.906250000000000000e-03
1.028000000000000000e+03 0.000000000000000000e+00
8.370000000000000000e+02 0.000000000000000000e+00
1.215000000000000000e+03 0.000000000000000000e+00
1.029000000000000000e+03 0.000000000000000000e+00
1.198000000000000000e+03 0.000000000000000000e+00
1.313000000000000000e+03 0.000000000000000000e+00
1.318000000000000000e+03 0.000000000000000000e+00
1.032000000000000000e+03 0.000000000000000000e+00
7.990000000000000000e+02 0.000000000000000000e+00
1.236000000000000000e+03 0.000000000000000000e+00
1.050000000000000000e+03 0.000000000000000000e+00
1.150000000000000000e+03 0.000000000000000000e+00
9.010000000000000000e+02 0.000000000000000000e+00
1.100000000000000000e+03 0.000000000000000000e+00
9.730000000000000000e+02 0.000000000000000000e+00
7.650000000000000000e+02 0.000000000000000000e+00
9.970000000000000000e+02 0.000000000000000000e+00
1.281000000000000000e+03 0.000000000000000000e+00
8.140000000000000000e+02 0.000000000000000000e+00
9.790000000000000000e+02 0.000000000000000000e+00
7.780000000000000000e+02 0.000000000000000000e+00
1.082000000000000000e+03 0.000000000000000000e+00
1.152000000000000000e+03 0.000000000000000000e+00
8.460000000000000000e+02 0.000000000000000000e+00
1.130000000000000000e+03 0.000000000000000000e+00
1.120000000000000000e+03 0.000000000000000000e+00
7.740000000000000000e+02 0.000000000000000000e+00
1.026000000000000000e+03 3.906250000000000000e-03
1.148000000000000000e+03 0.000000000000000000e+00
7.130000000000000000e+02 0.000000000000000000e+00
9.130000000000000000e+02 0.000000000000000000e+00
1.050000000000000000e+03 0.000000000000000000e+00
1.044000000000000000e+03 0.000000000000000000e+00
1.053000000000000000e+03 0.000000000000000000e+00
1.174000000000000000e+03 0.000000000000000000e+00
1.259000000000000000e+03 0.000000000000000000e+00
8.910000000000000000e+02 0.000000000000000000e+00
1.148000000000000000e+03 0.000000000000000000e+00
1.068000000000000000e+03 0.000000000000000000e+00
1.176000000000000000e+03 0.000000000000000000e+00
9.420000000000000000e+02 0.000000000000000000e+00
1.225000000000000000e+03 0.000000000000000000e+00
9.590000000000000000e+02 0.000000000000000000e+00
8.590000000000000000e+02 0.000000000000000000e+00
1.023000000000000000e+03 0.000000000000000000e+00
1.105000000000000000e+03 0.000000000000000000e+00
1.146000000000000000e+03 0.000000000000000000e+00
1.094000000000000000e+03 0.000000000000000000e+00
1.229000000000000000e+03 0.000000000000000000e+00
1.081000000000000000e+03 0.000000000000000000e+00
1.085000000000000000e+03 0.000000000000000000e+00
9.600000000000000000e+02 0.000000000000000000e+00
1.004000000000000000e+03 0.000000000000000000e+00
9.190000000000000000e+02 0.000000000000000000e+00
1.033000000000000000e+03 0.000000000000000000e+00
1.329000000000000000e+03 0.000000000000000000e+00
1.136000000000000000e+03 0.000000000000000000e+00
1.350000000000000000e+03 0.000000000000000000e+00
1.242000000000000000e+03 0.000000000000000000e+00
9.590000000000000000e+02 3.906250000000000000e-03
6.790000000000000000e+02 3.906250000000000000e-03
1.054000000000000000e+03 0.000000000000000000e+00
1.040000000000000000e+03 3.906250000000000000e-03
1.133000000000000000e+03 0.000000000000000000e+00
1.048000000000000000e+03 3.906250000000000000e-03
9.910000000000000000e+02 0.000000000000000000e+00
9.760000000000000000e+02 0.000000000000000000e+00
1.100000000000000000e+03 0.000000000000000000e+00
1.069000000000000000e+03 0.000000000000000000e+00
9.550000000000000000e+02 0.000000000000000000e+00
1.061000000000000000e+03 0.000000000000000000e+00
1.123000000000000000e+03 0.000000000000000000e+00
7.440000000000000000e+02 3.906250000000000000e-03
1.336000000000000000e+03 0.000000000000000000e+00
9.170000000000000000e+02 0.000000000000000000e+00
1.079000000000000000e+03 0.000000000000000000e+00
1.050000000000000000e+03 0.000000000000000000e+00
1.238000000000000000e+03 0.000000000000000000e+00
8.720000000000000000e+02 0.000000000000000000e+00
8.870000000000000000e+02 0.000000000000000000e+00
1.244000000000000000e+03 0.000000000000000000e+00
9.270000000000000000e+02 0.000000000000000000e+00
8.970000000000000000e+02 0.000000000000000000e+00
1.055000000000000000e+03 0.000000000000000000e+00
1.174000000000000000e+03 0.000000000000000000e+00
1.218000000000000000e+03 0.000000000000000000e+00
1.103000000000000000e+03 0.000000000000000000e+00
1.251000000000000000e+03 0.000000000000000000e+00
1.347000000000000000e+03 0.000000000000000000e+00
8.530000000000000000e+02 0.000000000000000000e+00
1.449000000000000000e+03 0.000000000000000000e+00
9.870000000000000000e+02 0.000000000000000000e+00
1.068000000000000000e+03 0.000000000000000000e+00
1.164000000000000000e+03 0.000000000000000000e+00
9.690000000000000000e+02 0.000000000000000000e+00
9.200000000000000000e+02 0.000000000000000000e+00
8.930000000000000000e+02 0.000000000000000000e+00
9.060000000000000000e+02 3.906250000000000000e-03
1.123000000000000000e+03 0.000000000000000000e+00
1.046000000000000000e+03 0.000000000000000000e+00
1.416000000000000000e+03 0.000000000000000000e+00
1.196000000000000000e+03 0.000000000000000000e+00
9.540000000000000000e+02 0.000000000000000000e+00
1.145000000000000000e+03 0.000000000000000000e+00
1.276000000000000000e+03 0.000000000000000000e+00
1.037000000000000000e+03 0.000000000000000000e+00
9.420000000000000000e+02 0.000000000000000000e+00
1.384000000000000000e+03 0.000000000000000000e+00
1.228000000000000000e+03 0.000000000000000000e+00
8.510000000000000000e+02 0.000000000000000000e+00
1.055000000000000000e+03 0.000000000000000000e+00
1.101000000000000000e+03 0.000000000000000000e+00
1.041000000000000000e+03 0.000000000000000000e+00
9.120000000000000000e+02 0.000000000000000000e+00
9.400000000000000000e+02 0.000000000000000000e+00
9.820000000000000000e+02 0.000000000000000000e+00
1.063000000000000000e+03 0.000000000000000000e+00
1.025000000000000000e+03 0.000000000000000000e+00
9.790000000000000000e+02 0.000000000000000000e+00
8.170000000000000000e+02 3.906250000000000000e-03
1.058000000000000000e+03 0.000000000000000000e+00
1.174000000000000000e+03 0.000000000000000000e+00
8.260000000000000000e+02 0.000000000000000000e+00
8.840000000000000000e+02 3.906250000000000000e-03
9.920000000000000000e+02 0.000000000000000000e+00
9.960000000000000000e+02 0.000000000000000000e+00
9.970000000000000000e+02 0.000000000000000000e+00
1.062000000000000000e+03 3.906250000000000000e-03
1.269000000000000000e+03 0.000000000000000000e+00
1.203000000000000000e+03 0.000000000000000000e+00
1.007000000000000000e+03 0.000000000000000000e+00
1.040000000000000000e+03 0.000000000000000000e+00
1.151000000000000000e+03 0.000000000000000000e+00
9.350000000000000000e+02 0.000000000000000000e+00
1.100000000000000000e+03 0.000000000000000000e+00
9.860000000000000000e+02 0.000000000000000000e+00
9.960000000000000000e+02 3.906250000000000000e-03
1.214000000000000000e+03 0.000000000000000000e+00
1.152000000000000000e+03 0.000000000000000000e+00
1.019000000000000000e+03 0.000000000000000000e+00
8.930000000000000000e+02 3.906250000000000000e-03
8.750000000000000000e+02 0.000000000000000000e+00
1.247000000000000000e+03 0.000000000000000000e+00
1.099000000000000000e+03 0.000000000000000000e+00
1.072000000000000000e+03 0.000000000000000000e+00
9.550000000000000000e+02 0.000000000000000000e+00
1.080000000000000000e+03 0.000000000000000000e+00
8.220000000000000000e+02 0.000000000000000000e+00
1.253000000000000000e+03 0.000000000000000000e+00
9.610000000000000000e+02 3.906250000000000000e-03
9.750000000000000000e+02 0.000000000000000000e+00
9.390000000000000000e+02 0.000000000000000000e+00
1.115000000000000000e+03 0.000000000000000000e+00
1.154000000000000000e+03 0.000000000000000000e+00
9.900000000000000000e+02 0.000000000000000000e+00
1.040000000000000000e+03 0.000000000000000000e+00
1.061000000000000000e+03 0.000000000000000000e+00
1.120000000000000000e+03 0.000000000000000000e+00
1.029000000000000000e+03 0.000000000000000000e+00
1.148000000000000000e+03 0.000000000000000000e+00
1.028000000000000000e+03 0.000000000000000000e+00
9.190000000000000000e+02 0.000000000000000000e+00
1.291000000000000000e+03 0.000000000000000000e+00
1.261000000000000000e+03 0.000000000000000000e+00
1.030000000000000000e+03 0.000000000000000000e+00
1.156000000000000000e+03 0.000000000000000000e+00
8.380000000000000000e+02 0.000000000000000000e+00
8.160000000000000000e+02 0.000000000000000000e+00
9.080000000000000000e+02 0.000000000000000000e+00
1.033000000000000000e+03 0.000000000000000000e+00
7.730000000000000000e+02 0.000000000000000000e+00
1.068000000000000000e+03 0.000000000000000000e+00
1.025000000000000000e+03 3.906250000000000000e-03
8.980000000000000000e+02 0.000000000000000000e+00
1.137000000000000000e+03 0.000000000000000000e+00
1.149000000000000000e+03 0.000000000000000000e+00
1.331000000000000000e+03 0.000000000000000000e+00
1.174000000000000000e+03 0.000000000000000000e+00
1.094000000000000000e+03 0.000000000000000000e+00
1.012000000000000000e+03 0.000000000000000000e+00
9.220000000000000000e+02 0.000000000000000000e+00
1.098000000000000000e+03 0.000000000000000000e+00
1.068000000000000000e+03 0.000000000000000000e+00
1.107000000000000000e+03 0.000000000000000000e+00
1.279000000000000000e+03 0.000000000000000000e+00
1.024000000000000000e+03 0.000000000000000000e+00
1.004000000000000000e+03 0.000000000000000000e+00
1.086000000000000000e+03 0.000000000000000000e+00
1.124000000000000000e+03 0.000000000000000000e+00
1.171000000000000000e+03 0.000000000000000000e+00
9.640000000000000000e+02 3.906250000000000000e-03
1.043000000000000000e+03 0.000000000000000000e+00
1.047000000000000000e+03 0.000000000000000000e+00
8.920000000000000000e+02 0.000000000000000000e+00
9.980000000000000000e+02 0.000000000000000000e+00
1.265000000000000000e+03 0.000000000000000000e+00
9.350000000000000000e+02 0.000000000000000000e+00
1.017000000000000000e+03 0.000000000000000000e+00
9.430000000000000000e+02 3.906250000000000000e-03
9.720000000000000000e+02 0.000000000000000000e+00
9.530000000000000000e+02 0.000000000000000000e+00
1.208000000000000000e+03 0.000000000000000000e+00
1.078000000000000000e+03 0.000000000000000000e+00
7.750000000000000000e+02 3.906250000000000000e-03
8.910000000000000000e+02 0.000000000000000000e+00
8.200000000000000000e+02 3.906250000000000000e-03
7.080000000000000000e+02 3.906250000000000000e-03
7.860000000000000000e+02 3.906250000000000000e-03
1.101000000000000000e+03 0.000000000000000000e+00
1.231000000000000000e+03 0.000000000000000000e+00
9.070000000000000000e+02 3.906250000000000000e-03
9.300000000000000000e+02 0.000000000000000000e+00
9.650000000000000000e+02 0.000000000000000000e+00
8.670000000000000000e+02 0.000000000000000000e+00
1.128000000000000000e+03 0.000000000000000000e+00
1.043000000000000000e+03 0.000000000000000000e+00
1.017000000000000000e+03 0.000000000000000000e+00
9.470000000000000000e+02 0.000000000000000000e+00
1.148000000000000000e+03 0.000000000000000000e+00
1.092000000000000000e+03 0.000000000000000000e+00
1.087000000000000000e+03 0.000000000000000000e+00
1.250000000000000000e+03 0.000000000000000000e+00
1.051000000000000000e+03 0.000000000000000000e+00
9.620000000000000000e+02 0.000000000000000000e+00
7.940000000000000000e+02 0.000000000000000000e+00
1.131000000000000000e+03 0.000000000000000000e+00
9.370000000000000000e+02 0.000000000000000000e+00
1.015000000000000000e+03 0.000000000000000000e+00
1.300000000000000000e+03 0.000000000000000000e+00
1.012000000000000000e+03 0.000000000000000000e+00
1.099000000000000000e+03 0.000000000000000000e+00
1.082000000000000000e+03 0.000000000000000000e+00
1.129000000000000000e+03 0.000000000000000000e+00
8.370000000000000000e+02 3.906250000000000000e-03
1.147000000000000000e+03 0.000000000000000000e+00
1.243000000000000000e+03 0.000000000000000000e+00
9.860000000000000000e+02 0.000000000000000000e+00
1.041000000000000000e+03 0.000000000000000000e+00
1.105000000000000000e+03 0.000000000000000000e+00
8.910000000000000000e+02 0.000000000000000000e+00
