# Zero_One_LIN_out,Zero_One_LOGREG_out,Zero_One_LIN_outlier_out,Zero_One_LOGREG_outlier_out
2.148437500000000000e-02 2.905273437500000000e-02 2.490234375000000000e-02 3.125000000000000000e-02
2.441406250000000000e-02 2.294921875000000000e-02 2.661132812500000000e-02 2.709960937500000000e-02
2.172851562500000000e-02 2.441406250000000000e-02 2.563476562500000000e-02 2.270507812500000000e-02
2.490234375000000000e-02 2.368164062500000000e-02 2.978515625000000000e-02 2.514648437500000000e-02
2.246093750000000000e-02 2.905273437500000000e-02 2.563476562500000000e-02 2.929687500000000000e-02
2.075195312500000000e-02 3.198242187500000000e-02 2.343750000000000000e-02 3.198242187500000000e-02
2.563476562500000000e-02 2.441406250000000000e-02 3.198242187500000000e-02 2.490234375000000000e-02
1.928710937500000000e-02 2.001953125000000000e-02 1.928710937500000000e-02 2.001953125000000000e-02
2.221679687500000000e-02 2.709960937500000000e-02 3.198242187500000000e-02 2.709960937500000000e-02
2.490234375000000000e-02 2.490234375000000000e-02 2.587890625000000000e-02 2.514648437500000000e-02
2.124023437500000000e-02 3.735351562500000000e-02 3.100585937500000000e-02 3.955078125000000000e-02
2.343750000000000000e-02 2.221679687500000000e-02 2.636718750000000000e-02 2.246093750000000000e-02
2.465820312500000000e-02 2.709960937500000000e-02 2.294921875000000000e-02 2.709960937500000000e-02
2.490234375000000000e-02 2.465820312500000000e-02 3.100585937500000000e-02 2.465820312500000000e-02
2.685546875000000000e-02 2.416992187500000000e-02 3.369140625000000000e-02 2.661132812500000000e-02
2.514648437500000000e-02 2.416992187500000000e-02 3.100585937500000000e-02 2.929687500000000000e-02
2.465820312500000000e-02 2.392578125000000000e-02 3.613281250000000000e-02 2.392578125000000000e-02
2.221679687500000000e-02 2.343750000000000000e-02 3.662109375000000000e-02 3.271484375000000000e-02
2.514648437500000000e-02 2.416992187500000000e-02 3.027343750000000000e-02 2.465820312500000000e-02
2.539062500000000000e-02 2.319335937500000000e-02 2.856445312500000000e-02 3.588867187500000000e-02
2.929687500000000000e-02 2.783203125000000000e-02 3.198242187500000000e-02 2.807617187500000000e-02
2.392578125000000000e-02 3.540039062500000000e-02 2.783203125000000000e-02 2.856445312500000000e-02
2.221679687500000000e-02 5.810546875000000000e-02 3.588867187500000000e-02 5.810546875000000000e-02
2.416992187500000000e-02 2.343750000000000000e-02 2.416992187500000000e-02 2.221679687500000000e-02
2.490234375000000000e-02 2.343750000000000000e-02 2.685546875000000000e-02 2.832031250000000000e-02
2.563476562500000000e-02 2.343750000000000000e-02 2.539062500000000000e-02 2.270507812500000000e-02
2.319335937500000000e-02 2.612304687500000000e-02 3.344726562500000000e-02 2.783203125000000000e-02
2.465820312500000000e-02 4.248046875000000000e-02 2.734375000000000000e-02 3.662109375000000000e-02
2.612304687500000000e-02 2.270507812500000000e-02 3.198242187500000000e-02 2.270507812500000000e-02
2.294921875000000000e-02 3.295898437500000000e-02 2.563476562500000000e-02 3.295898437500000000e-02
1.879882812500000000e-02 2.050781250000000000e-02 3.564453125000000000e-02 2.319335937500000000e-02
2.514648437500000000e-02 2.709960937500000000e-02 2.587890625000000000e-02 2.563476562500000000e-02
2.197265625000000000e-02 2.441406250000000000e-02 2.685546875000000000e-02 2.416992187500000000e-02
2.490234375000000000e-02 2.880859375000000000e-02 2.685546875000000000e-02 3.173828125000000000e-02
2.465820312500000000e-02 2.343750000000000000e-02 3.320312500000000000e-02 2.563476562500000000e-02
2.148437500000000000e-02 2.099609375000000000e-02 2.514648437500000000e-02 1.977539062500000000e-02
2.392578125000000000e-02 2.368164062500000000e-02 3.686523437500000000e-02 2.368164062500000000e-02
2.612304687500000000e-02 2.392578125000000000e-02 2.929687500000000000e-02 2.685546875000000000e-02
2.807617187500000000e-02 2.661132812500000000e-02 4.272460937500000000e-02 3.247070312500000000e-02
2.343750000000000000e-02 2.587890625000000000e-02 3.173828125000000000e-02 2.197265625000000000e-02
2.416992187500000000e-02 2.465820312500000000e-02 3.930664062500000000e-02 2.441406250000000000e-02
2.514648437500000000e-02 3.613281250000000000e-02 3.735351562500000000e-02 2.832031250000000000e-02
2.368164062500000000e-02 4.785156250000000000e-02 2.490234375000000000e-02 4.785156250000000000e-02
2.661132812500000000e-02 3.051757812500000000e-02 2.978515625000000000e-02 2.954101562500000000e-02
3.002929687500000000e-02 4.248046875000000000e-02 4.589843750000000000e-02 4.418945312500000000e-02
2.221679687500000000e-02 2.343750000000000000e-02 2.490234375000000000e-02 2.514648437500000000e-02
3.002929687500000000e-02 2.880859375000000000e-02 3.051757812500000000e-02 2.832031250000000000e-02
2.099609375000000000e-02 2.270507812500000000e-02 2.539062500000000000e-02 2.441406250000000000e-02
3.027343750000000000e-02 3.344726562500000000e-02 3.149414062500000000e-02 3.320312500000000000e-02
2.465820312500000000e-02 3.173828125000000000e-02 4.467773437500000000e-02 3.173828125000000000e-02
2.709960937500000000e-02 2.539062500000000000e-02 2.587890625000000000e-02 3.076171875000000000e-02
2.563476562500000000e-02 2.685546875000000000e-02 3.979492187500000000e-02 2.514648437500000000e-02
2.612304687500000000e-02 3.125000000000000000e-02 2.880859375000000000e-02 3.149414062500000000e-02
2.709960937500000000e-02 3.344726562500000000e-02 4.028320312500000000e-02 3.344726562500000000e-02
2.709960937500000000e-02 2.612304687500000000e-02 3.906250000000000000e-02 3.271484375000000000e-02
2.661132812500000000e-02 2.685546875000000000e-02 2.856445312500000000e-02 3.198242187500000000e-02
2.343750000000000000e-02 2.294921875000000000e-02 2.172851562500000000e-02 2.539062500000000000e-02
2.294921875000000000e-02 2.636718750000000000e-02 2.905273437500000000e-02 2.050781250000000000e-02
2.856445312500000000e-02 2.832031250000000000e-02 2.636718750000000000e-02 3.125000000000000000e-02
2.392578125000000000e-02 2.709960937500000000e-02 3.466796875000000000e-02 2.661132812500000000e-02
2.587890625000000000e-02 2.587890625000000000e-02 2.661132812500000000e-02 2.514648437500000000e-02
2.343750000000000000e-02 2.270507812500000000e-02 2.734375000000000000e-02 2.246093750000000000e-02
2.001953125000000000e-02 2.001953125000000000e-02 2.612304687500000000e-02 2.343750000000000000e-02
2.392578125000000000e-02 2.709960937500000000e-02 2.709960937500000000e-02 3.271484375000000000e-02
2.514648437500000000e-02 2.368164062500000000e-02 2.978515625000000000e-02 2.758789062500000000e-02
1.904296875000000000e-02 2.685546875000000000e-02 2.099609375000000000e-02 2.465820312500000000e-02
2.758789062500000000e-02 6.201171875000000000e-02 3.637695312500000000e-02 4.711914062500000000e-02
2.026367187500000000e-02 1.879882812500000000e-02 2.661132812500000000e-02 1.904296875000000000e-02
2.905273437500000000e-02 2.563476562500000000e-02 3.051757812500000000e-02 2.612304687500000000e-02
3.100585937500000000e-02 3.588867187500000000e-02 4.882812500000000000e-02 3.588867187500000000e-02
2.246093750000000000e-02 2.978515625000000000e-02 3.857421875000000000e-02 3.002929687500000000e-02
2.612304687500000000e-02 2.661132812500000000e-02 3.149414062500000000e-02 2.636718750000000000e-02
2.221679687500000000e-02 2.514648437500000000e-02 2.270507812500000000e-02 2.514648437500000000e-02
2.514648437500000000e-02 2.612304687500000000e-02 2.661132812500000000e-02 2.612304687500000000e-02
2.416992187500000000e-02 2.612304687500000000e-02 3.442382812500000000e-02 3.076171875000000000e-02
3.002929687500000000e-02 4.956054687500000000e-02 3.540039062500000000e-02 3.295898437500000000e-02
2.441406250000000000e-02 3.417968750000000000e-02 6.005859375000000000e-02 3.222656250000000000e-02
2.294921875000000000e-02 3.369140625000000000e-02 2.758789062500000000e-02 3.002929687500000000e-02
2.026367187500000000e-02 2.319335937500000000e-02 3.173828125000000000e-02 2.416992187500000000e-02
2.661132812500000000e-02 2.368164062500000000e-02 2.514648437500000000e-02 2.978515625000000000e-02
2.441406250000000000e-02 4.956054687500000000e-02 2.563476562500000000e-02 4.956054687500000000e-02
2.465820312500000000e-02 2.758789062500000000e-02 4.541015625000000000e-02 2.758789062500000000e-02
2.294921875000000000e-02 2.294921875000000000e-02 3.027343750000000000e-02 4.321289062500000000e-02
2.441406250000000000e-02 3.247070312500000000e-02 2.832031250000000000e-02 3.173828125000000000e-02
2.539062500000000000e-02 2.783203125000000000e-02 2.319335937500000000e-02 2.319335937500000000e-02
2.539062500000000000e-02 3.442382812500000000e-02 3.515625000000000000e-02 2.490234375000000000e-02
2.148437500000000000e-02 2.221679687500000000e-02 2.539062500000000000e-02 2.514648437500000000e-02
2.465820312500000000e-02 3.784179687500000000e-02 2.612304687500000000e-02 3.784179687500000000e-02
2.050781250000000000e-02 1.904296875000000000e-02 1.904296875000000000e-02 1.977539062500000000e-02
2.392578125000000000e-02 3.271484375000000000e-02 3.369140625000000000e-02 2.661132812500000000e-02
2.832031250000000000e-02 2.343750000000000000e-02 2.368164062500000000e-02 3.198242187500000000e-02
2.539062500000000000e-02 2.636718750000000000e-02 2.661132812500000000e-02 2.636718750000000000e-02
2.832031250000000000e-02 3.735351562500000000e-02 3.710937500000000000e-02 3.784179687500000000e-02
2.270507812500000000e-02 2.758789062500000000e-02 2.783203125000000000e-02 2.758789062500000000e-02
1.831054687500000000e-02 1.977539062500000000e-02 2.490234375000000000e-02 1.977539062500000000e-02
2.709960937500000000e-02 2.929687500000000000e-02 2.587890625000000000e-02 2.929687500000000000e-02
2.246093750000000000e-02 3.710937500000000000e-02 2.441406250000000000e-02 2.661132812500000000e-02
2.270507812500000000e-02 2.148437500000000000e-02 2.514648437500000000e-02 2.832031250000000000e-02
2.416992187500000000e-02 2.563476562500000000e-02 3.515625000000000000e-02 2.441406250000000000e-02
2.685546875000000000e-02 2.197265625000000000e-02 2.539062500000000000e-02 2.294921875000000000e-02
2.685546875000000000e-02 2.270507812500000000e-02 2.709960937500000000e-02 2.734375000000000000e-02
2.563476562500000000e-02 2.709960937500000000e-02 3.857421875000000000e-02 2.709960937500000000e-02
2.343750000000000000e-02 3.051757812500000000e-02 4.077148437500000000e-02 3.051757812500000000e-02
1.806640625000000000e-02 2.099609375000000000e-02 2.319335937500000000e-02 2.099609375000000000e-02
2.270507812500000000e-02 2.416992187500000000e-02 2.929687500000000000e-02 2.246093750000000000e-02
2.319335937500000000e-02 2.221679687500000000e-02 2.490234375000000000e-02 2.514648437500000000e-02
2.148437500000000000e-02 2.319335937500000000e-02 3.808593750000000000e-02 2.685546875000000000e-02
2.539062500000000000e-02 3.564453125000000000e-02 2.612304687500000000e-02 3.442382812500000000e-02
2.124023437500000000e-02 2.978515625000000000e-02 2.880859375000000000e-02 2.978515625000000000e-02
1.953125000000000000e-02 3.002929687500000000e-02 2.807617187500000000e-02 3.149414062500000000e-02
2.392578125000000000e-02 3.588867187500000000e-02 2.490234375000000000e-02 2.563476562500000000e-02
2.343750000000000000e-02 2.514648437500000000e-02 3.442382812500000000e-02 2.539062500000000000e-02
2.539062500000000000e-02 3.076171875000000000e-02 3.320312500000000000e-02 2.978515625000000000e-02
1.977539062500000000e-02 2.294921875000000000e-02 2.929687500000000000e-02 2.539062500000000000e-02
2.221679687500000000e-02 2.661132812500000000e-02 3.613281250000000000e-02 2.709960937500000000e-02
2.197265625000000000e-02 2.587890625000000000e-02 3.369140625000000000e-02 2.587890625000000000e-02
2.368164062500000000e-02 2.294921875000000000e-02 2.954101562500000000e-02 2.294921875000000000e-02
2.026367187500000000e-02 2.392578125000000000e-02 3.027343750000000000e-02 3.002929687500000000e-02
2.661132812500000000e-02 2.563476562500000000e-02 2.221679687500000000e-02 2.612304687500000000e-02
2.636718750000000000e-02 5.444335937500000000e-02 4.077148437500000000e-02 2.587890625000000000e-02
2.416992187500000000e-02 2.807617187500000000e-02 4.077148437500000000e-02 2.587890625000000000e-02
2.612304687500000000e-02 2.856445312500000000e-02 2.783203125000000000e-02 2.856445312500000000e-02
2.246093750000000000e-02 4.248046875000000000e-02 3.100585937500000000e-02 2.343750000000000000e-02
2.124023437500000000e-02 2.392578125000000000e-02 3.417968750000000000e-02 2.465820312500000000e-02
2.319335937500000000e-02 3.076171875000000000e-02 2.709960937500000000e-02 2.905273437500000000e-02
2.221679687500000000e-02 2.612304687500000000e-02 2.783203125000000000e-02 2.514648437500000000e-02
2.587890625000000000e-02 3.588867187500000000e-02 2.636718750000000000e-02 2.685546875000000000e-02
2.270507812500000000e-02 2.050781250000000000e-02 2.392578125000000000e-02 2.026367187500000000e-02
