1.000000000000000000e+00 3.153236709626439094e+00 2.107206577528782709e+00
1.000000000000000000e+00 3.914223726832228412e+00 1.149653095006819281e-01
1.000000000000000000e+00 2.321139774151935065e+00 1.599998055599470392e+00
1.000000000000000000e+00 4.428506351706304578e+00 6.353421986818115208e-01
1.000000000000000000e+00 2.477545243258060914e+00 1.796660986456915854e+00
1.000000000000000000e+00 5.140145988664130527e+00 7.988333312819982934e-01
1.000000000000000000e+00 5.914283868229382790e+00 -7.905301656829540891e-01
1.000000000000000000e+00 3.748490283729581485e+00 2.188107955307179608e+00
1.000000000000000000e+00 5.924995023039887343e+00 8.152396365012153368e-01
1.000000000000000000e+00 4.587112466603489480e+00 2.944212558965460941e-02
1.000000000000000000e+00 4.771677131043264630e+00 2.889741929692478117e-01
1.000000000000000000e+00 4.045610074554267577e+00 2.034432814048174887e+00
1.000000000000000000e+00 4.485685528995498217e+00 1.962583965546779385e+00
1.000000000000000000e+00 2.371244479200474764e+00 2.000477225501026357e+00
1.000000000000000000e+00 4.988573827971822361e+00 -9.839983571067383306e-01
1.000000000000000000e+00 3.500846031130541824e+00 2.672266383841988890e+00
1.000000000000000000e+00 4.936670200541936282e+00 4.452198805384784824e-02
1.000000000000000000e+00 4.873834649319875645e+00 -1.364356879370022479e+00
1.000000000000000000e+00 5.188621948429436692e+00 -9.630413223624566532e-01
1.000000000000000000e+00 2.394894056047415010e+00 2.251016435181388164e+00
1.000000000000000000e+00 5.716438463628094269e+00 -6.715101552139124408e-01
1.000000000000000000e+00 3.721100179802582453e+00 3.117385918758039054e+00
1.000000000000000000e+00 3.108579773000215596e+00 1.952202428592548111e+00
1.000000000000000000e+00 5.157764530295102290e+00 -3.097038663543189019e-01
1.000000000000000000e+00 4.340237703358054588e+00 5.006514883659987092e-01
1.000000000000000000e+00 5.558370349953351663e+00 -3.853705373687351110e-01
1.000000000000000000e+00 2.746266535591440405e+00 1.608569604799664488e+00
1.000000000000000000e+00 4.460098044279223295e+00 -7.466257675973175800e-01
1.000000000000000000e+00 3.836997862790557878e+00 7.012652431042279977e-01
1.000000000000000000e+00 4.731184868136007360e+00 5.487807412868730972e-02
1.000000000000000000e+00 6.387467790081505115e+00 -3.734950884463152376e-01
1.000000000000000000e+00 3.365328359182612417e+00 1.149605269889439008e+00
1.000000000000000000e+00 4.517282625166946453e+00 5.361349299881726926e-01
1.000000000000000000e+00 4.797858530116365650e+00 -1.105859026830604108e+00
1.000000000000000000e+00 2.031871703176612698e+00 2.209209598072065184e+00
1.000000000000000000e+00 4.278117229746603023e+00 5.190435949873424271e-01
1.000000000000000000e+00 3.168013697380380300e+00 1.794235383505838222e+00
1.000000000000000000e+00 4.942826737169304430e+00 5.713525762896725091e-01
1.000000000000000000e+00 3.015228818064991323e+00 1.399241642498981975e+00
1.000000000000000000e+00 3.203361525024418288e+00 1.772688194420414698e+00
1.000000000000000000e+00 4.815519086365497969e+00 4.304341888537947525e-01
1.000000000000000000e+00 5.244335850689073375e+00 7.725530063767448441e-01
1.000000000000000000e+00 4.850855230650234162e+00 -3.556369505941979758e-01
1.000000000000000000e+00 4.733499373658050402e+00 2.819190435628569635e-01
1.000000000000000000e+00 4.378727882204588973e+00 -2.812782686996587733e-01
1.000000000000000000e+00 4.349666851770143339e+00 -5.981428877845630376e-01
1.000000000000000000e+00 4.858695287984102329e+00 1.834843373772104824e+00
1.000000000000000000e+00 2.758527296665846062e+00 2.156933714094927623e+00
1.000000000000000000e+00 5.068202409423387067e+00 -1.362842358283141708e-01
1.000000000000000000e+00 3.016561075055474106e+00 3.211928376823957709e+00
1.000000000000000000e+00 2.836169278610936040e+00 2.991029269818199499e+00
1.000000000000000000e+00 5.489506580918849465e+00 -6.607791841049762693e-01
1.000000000000000000e+00 2.597081972378605830e+00 1.713604112152117942e+00
1.000000000000000000e+00 2.326853261585509092e+00 2.708442162801398823e+00
1.000000000000000000e+00 5.310825753419798900e+00 3.989076090354456428e-01
1.000000000000000000e+00 2.364609237215226756e+00 2.286915892638452963e+00
1.000000000000000000e+00 2.667771339182680723e+00 3.499117977943664748e+00
1.000000000000000000e+00 2.943138560980199880e+00 2.174060246351896097e+00
1.000000000000000000e+00 5.312741176451828196e+00 -3.591633086189155999e-01
1.000000000000000000e+00 2.758395027720526915e+00 1.756660280989596146e+00
1.000000000000000000e+00 3.524660943098945509e+00 1.550256120548857863e+00
1.000000000000000000e+00 2.900821816878401460e+00 2.202176045581948127e+00
1.000000000000000000e+00 2.747200072458567455e+00 1.157633989619976767e+00
1.000000000000000000e+00 4.099115978760872636e+00 -3.153133018163667978e-01
1.000000000000000000e+00 2.402797126568433583e+00 2.591428114703577368e+00
1.000000000000000000e+00 5.008715074932784894e+00 -2.311542204940802286e-02
1.000000000000000000e+00 4.235510060843751035e+00 3.911608869152226053e-01
1.000000000000000000e+00 2.776315488345165505e+00 1.410326783442179099e+00
1.000000000000000000e+00 4.513078161353999640e+00 1.788270958345577810e+00
1.000000000000000000e+00 2.620954604411286581e+00 1.461149471339656891e+00
1.000000000000000000e+00 5.860275489604694243e+00 5.485224418308122241e-01
1.000000000000000000e+00 2.818189273771466219e+00 2.840654070019738242e+00
1.000000000000000000e+00 2.093260677474780618e+00 1.698705435810178077e+00
1.000000000000000000e+00 3.757189571816980322e+00 1.017794593928142977e+00
1.000000000000000000e+00 5.021238537437860749e+00 1.935679710064766690e+00
1.000000000000000000e+00 5.333973839073984813e+00 3.451342307009125365e-01
1.000000000000000000e+00 4.136247657791830790e+00 -9.049564596870206534e-01
1.000000000000000000e+00 4.613275654930641068e+00 6.547550831661482773e-01
1.000000000000000000e+00 4.189328368082389176e+00 -1.820476491758622917e+00
1.000000000000000000e+00 3.493123275215387125e+00 2.528515061181858758e+00
1.000000000000000000e+00 2.402380500589106571e+00 2.233028139067255946e+00
1.000000000000000000e+00 3.648122163773465765e+00 2.677067379584926243e+00
1.000000000000000000e+00 1.993423474025061370e+00 1.992920195596185495e+00
1.000000000000000000e+00 4.359624213183508346e+00 6.621176435331938004e-01
1.000000000000000000e+00 5.005039760314953234e+00 -9.767048474037555161e-01
1.000000000000000000e+00 3.006980687474662517e+00 2.306291424025614045e+00
1.000000000000000000e+00 1.985529061681968965e+00 1.103744767129235083e+00
1.000000000000000000e+00 2.516955136919662550e+00 1.744802870157237784e+00
1.000000000000000000e+00 4.486994210368957070e+00 -1.468782079404277852e+00
1.000000000000000000e+00 1.962441456276357465e+00 1.903302773522101976e+00
1.000000000000000000e+00 3.181008478659304917e+00 1.379064090964920553e+00
1.000000000000000000e+00 3.030455339063185427e+00 3.090116575535200916e+00
1.000000000000000000e+00 4.756393382021194327e+00 -4.162035924945691745e-01
1.000000000000000000e+00 2.498981488779294491e+00 2.227808873429069969e+00
1.000000000000000000e+00 3.081308760578126194e+00 2.097798843538393854e+00
1.000000000000000000e+00 4.649132591937704895e+00 2.471779959431875395e-01
1.000000000000000000e+00 5.252405729526250511e+00 -1.670980109055572593e-01
1.000000000000000000e+00 5.820510844930588235e+00 -1.231099642327894594e+00
1.000000000000000000e+00 5.489503437948235032e+00 -1.430240613735103694e-01
1.000000000000000000e+00 3.483366363721799530e+00 3.142016415501693416e+00
1.000000000000000000e+00 2.998756771051837688e+00 1.852177857201532163e+00
1.000000000000000000e+00 2.959406156343957761e+00 2.831794093601694762e+00
1.000000000000000000e+00 6.141279000253479836e+00 1.013429378470888792e-01
1.000000000000000000e+00 3.382070953448239603e+00 3.097914514749841253e+00
1.000000000000000000e+00 5.392148498367538956e+00 -1.153202184211280734e+00
1.000000000000000000e+00 2.483640825511887140e+00 1.691333923839859477e+00
1.000000000000000000e+00 3.237200643249448895e+00 1.645578180396753742e+00
1.000000000000000000e+00 6.052018056785425593e+00 -3.635672987628510433e-01
1.000000000000000000e+00 3.974483684115639903e+00 1.593877227226677684e+00
1.000000000000000000e+00 3.839688555005024373e+00 2.122853196400240172e+00
1.000000000000000000e+00 6.092038232662136288e+00 1.504606836727437669e+00
1.000000000000000000e+00 4.100812591672490903e+00 2.662796716608236913e+00
1.000000000000000000e+00 4.449748203642036160e+00 -5.969720534427362946e-01
1.000000000000000000e+00 2.597913852680470814e+00 1.150063406455077430e+00
1.000000000000000000e+00 3.812257790389735668e+00 2.662708518118110490e+00
1.000000000000000000e+00 2.320185480594344263e+00 3.749719589852826829e+00
1.000000000000000000e+00 2.611171063820454830e+00 2.573681769098377092e+00
1.000000000000000000e+00 2.021920931386769205e+00 1.651848319462946968e+00
1.000000000000000000e+00 5.983499519026510782e+00 8.342851745590215140e-01
1.000000000000000000e+00 4.217167556486724145e+00 -1.890280700370815942e-02
1.000000000000000000e+00 3.739364004676714703e+00 8.857072022822436441e-01
1.000000000000000000e+00 5.634228203557841042e+00 -1.143760263426368606e+00
1.000000000000000000e+00 3.430404892687932250e+00 1.871574825814826593e+00
1.000000000000000000e+00 5.794540912959891266e+00 -3.593657440405975123e-01
1.000000000000000000e+00 4.762134154129746832e+00 -2.441500687925035329e-01
1.000000000000000000e+00 4.288365232128364291e+00 -1.967435049084990950e-01
1.000000000000000000e+00 4.232796375266131506e+00 -4.223783549421015193e-01
1.000000000000000000e+00 5.531267403816207739e+00 -2.430463484379697670e-01
1.000000000000000000e+00 5.829628412667463344e+00 5.481369604479526814e-01
1.000000000000000000e+00 3.523318369427462571e+00 1.287332257049362161e+00
1.000000000000000000e+00 3.262755115568934716e+00 2.907295120866768556e+00
1.000000000000000000e+00 3.572161551997056428e+00 2.773762556223007714e+00
1.000000000000000000e+00 3.958015718928591831e+00 1.052623472204645250e+00
1.000000000000000000e+00 3.361493946616594286e+00 2.348102815404007782e+00
1.000000000000000000e+00 2.880526996867597056e+00 1.178762041356971935e+00
1.000000000000000000e+00 5.115987033689483710e+00 -1.194880684910951674e-01
1.000000000000000000e+00 6.506501702040042190e+00 1.012901645771576487e+00
1.000000000000000000e+00 2.745243803119790993e+00 1.339743566367304517e+00
1.000000000000000000e+00 4.350791493774998742e+00 -3.580652661445604679e-02
1.000000000000000000e+00 4.445922134909499945e+00 1.526921293740514329e+00
1.000000000000000000e+00 4.086742227471272138e+00 -6.312594591724979276e-02
1.000000000000000000e+00 5.118931129950329506e+00 3.278340821168820307e-01
1.000000000000000000e+00 2.424401732667521348e+00 1.866532746605728876e+00
1.000000000000000000e+00 3.123151737162312980e+00 2.216392825958851009e+00
1.000000000000000000e+00 4.564702545781596399e+00 -2.208263618186580568e-01
1.000000000000000000e+00 5.184353791962188041e+00 1.489679188869706516e+00
1.000000000000000000e+00 2.258387955592925600e+00 2.454382266904829635e+00
1.000000000000000000e+00 4.011049338424513167e+00 1.143520310452464939e+00
1.000000000000000000e+00 3.931473214463268473e+00 2.909383901979585296e+00
1.000000000000000000e+00 3.068339124023874209e+00 2.635188561563079013e+00
1.000000000000000000e+00 6.179731344900416978e+00 -7.200506191937551537e-02
1.000000000000000000e+00 3.182065042984442815e+00 1.368149204327434365e+00
1.000000000000000000e+00 2.608635967330748873e+00 2.088938890874143528e+00
1.000000000000000000e+00 2.990156033057838947e+00 3.061516002565608741e+00
1.000000000000000000e+00 4.891229323127160633e+00 -8.674393785570803095e-01
1.000000000000000000e+00 3.609636185177715006e+00 2.632040172019986635e+00
1.000000000000000000e+00 5.371870838375096824e+00 -3.776578648481700162e-02
1.000000000000000000e+00 4.461648092613597960e+00 -4.289546068070066442e-01
1.000000000000000000e+00 4.011982701989949440e+00 2.547119465314362508e+00
1.000000000000000000e+00 3.121754060014098275e+00 2.320127170469054256e+00
1.000000000000000000e+00 2.840504860553966449e+00 1.476659423589977038e+00
1.000000000000000000e+00 4.705753567276822480e+00 2.556683093527385361e-02
1.000000000000000000e+00 3.802952575199286755e+00 -1.047587832039006850e+00
1.000000000000000000e+00 3.727650773615871937e+00 -2.946492739673052252e-01
1.000000000000000000e+00 3.421572945988461179e+00 1.194856651676646120e+00
1.000000000000000000e+00 2.313375749894405864e+00 1.017022974466723628e+00
1.000000000000000000e+00 2.727443606060536041e+00 1.268878448363141231e+00
1.000000000000000000e+00 2.379931299331958350e+00 1.317351567274342106e+00
1.000000000000000000e+00 4.419593363384780815e+00 1.947189152803417311e+00
1.000000000000000000e+00 2.592467077825563848e+00 1.718928782167421065e+00
1.000000000000000000e+00 5.670735618636960851e+00 7.505512093082817859e-01
1.000000000000000000e+00 5.208290122379834131e+00 -1.508649198371803557e+00
1.000000000000000000e+00 3.619946537075370951e+00 2.672794641477741706e+00
1.000000000000000000e+00 3.490052604268240266e+00 2.300868530152795355e+00
1.000000000000000000e+00 5.063923771570786769e+00 9.275896916245071067e-01
1.000000000000000000e+00 2.814898464265698674e+00 2.660297519129115607e+00
1.000000000000000000e+00 2.705527642239321295e+00 1.766158606612252990e+00
1.000000000000000000e+00 4.667952722633553542e+00 -4.192394219653733933e-01
1.000000000000000000e+00 4.632151524762988082e+00 5.894407804103196646e-01
1.000000000000000000e+00 3.985174749728431998e+00 1.564261803991448652e+00
1.000000000000000000e+00 2.353290305546578587e+00 2.790146292770892877e+00
1.000000000000000000e+00 4.750276668736958641e+00 2.194106654407276258e-01
1.000000000000000000e+00 3.100570203070740494e+00 2.575320614084063209e+00
1.000000000000000000e+00 4.327076016039050899e+00 8.850942047098732113e-01
1.000000000000000000e+00 5.618637401258508746e+00 -1.684282687874212092e+00
1.000000000000000000e+00 4.880895875919916804e+00 -2.886968233910587323e-01
1.000000000000000000e+00 5.295622036760198270e+00 -4.540244335875518594e-02
1.000000000000000000e+00 4.424420187438998120e+00 -2.647351073287877443e-01
1.000000000000000000e+00 3.219817456855070592e+00 2.026322877413716750e+00
1.000000000000000000e+00 2.902857087028952066e+00 3.391204256772697434e+00
1.000000000000000000e+00 3.332580938448170826e+00 1.300089037206748177e+00
1.000000000000000000e+00 5.091605731578581207e+00 2.505173697605534988e-01
1.000000000000000000e+00 4.239304197321517975e+00 8.843286248908797942e-02
1.000000000000000000e+00 2.472568191600935439e+00 6.068532922367222415e-01
1.000000000000000000e+00 5.264195748932673169e+00 4.831190704954406723e-01
1.000000000000000000e+00 3.387907863243872608e+00 1.908938565846340474e+00
1.000000000000000000e+00 4.546923375417937230e+00 1.825474320868993583e-01
1.000000000000000000e+00 5.329958950100044390e+00 7.063132399657673366e-01
1.000000000000000000e+00 6.030320191871249236e+00 6.239230539502349515e-01
1.000000000000000000e+00 2.641767937250457443e+00 1.970334179138521602e+00
1.000000000000000000e+00 2.125716948536071182e+00 2.454816779146708594e+00
1.000000000000000000e+00 5.452986951235771151e+00 9.216191925347686498e-01
1.000000000000000000e+00 5.384007946891816943e+00 1.214974788404395323e+00
1.000000000000000000e+00 4.478523324182845933e+00 2.663006242789563438e-01
1.000000000000000000e+00 2.854652464987985194e+00 1.871874561579256246e+00
1.000000000000000000e+00 1.901493093269071455e+00 1.540052499225808225e+00
1.000000000000000000e+00 1.759838091674975180e+00 1.795340723215181900e+00
1.000000000000000000e+00 4.466654457815359081e+00 9.951019524443731334e-02
1.000000000000000000e+00 1.856242198991419068e+00 1.667413003301107643e+00
1.000000000000000000e+00 4.793736420221798689e+00 -1.780537498396629337e+00
1.000000000000000000e+00 6.234229835372322448e+00 3.465332035354721785e-01
1.000000000000000000e+00 2.501610624265882876e+00 3.157704522739763320e+00
1.000000000000000000e+00 3.823402778357946286e+00 4.303571362027562852e-01
1.000000000000000000e+00 2.789313123004750317e+00 1.584911621489356826e+00
1.000000000000000000e+00 5.002822865481606485e+00 -7.602549580904784943e-01
1.000000000000000000e+00 2.810531537361558918e+00 2.021573554794869665e+00
1.000000000000000000e+00 1.409370064162966507e+00 2.048583657022414961e+00
1.000000000000000000e+00 6.043569411733336949e+00 6.281639102453048795e-02
1.000000000000000000e+00 5.850632106316183467e+00 1.187185648576857266e+00
1.000000000000000000e+00 5.195933272964358807e+00 2.775079413591608479e-01
1.000000000000000000e+00 5.290686541700917900e+00 -3.433086899444620643e-01
1.000000000000000000e+00 6.731175741068565088e+00 3.294644508403709593e-01
1.000000000000000000e+00 3.344059116466171488e+00 2.592615911170239595e+00
1.000000000000000000e+00 3.923507873190328787e+00 1.143850716998995543e+00
1.000000000000000000e+00 2.354146656938302495e+00 2.086754022330061797e+00
1.000000000000000000e+00 3.324844357136245154e+00 1.237904967635712783e+00
1.000000000000000000e+00 2.135706276191535302e+00 2.479141597240785977e+00
1.000000000000000000e+00 3.448353109255654747e+00 1.813111191975479430e+00
1.000000000000000000e+00 2.809584413774236289e+00 1.589811828838292751e+00
1.000000000000000000e+00 4.078656853502057977e+00 -6.959803561124778826e-01
1.000000000000000000e+00 3.084599133774295954e+00 1.860411849595482892e+00
1.000000000000000000e+00 5.711822181153197953e+00 -1.050657106204930358e+00
1.000000000000000000e+00 1.901884549186594775e+00 2.323907574642644747e+00
1.000000000000000000e+00 4.231979677296312303e+00 -2.889313273383938285e-01
1.000000000000000000e+00 4.972633556298245772e+00 -1.021076715851094718e+00
1.000000000000000000e+00 1.990954185886488093e+00 2.121015940630839758e+00
1.000000000000000000e+00 2.848744780128571463e+00 4.141338890557533237e-01
1.000000000000000000e+00 3.566267775064044798e+00 5.515831026097093304e-01
1.000000000000000000e+00 3.138529987897192619e+00 2.090673597083977597e+00
1.000000000000000000e+00 3.252063716948788930e+00 2.031862180126832396e+00
1.000000000000000000e+00 2.082118150198930095e+00 2.463529886789400436e+00
1.000000000000000000e+00 3.026736422382623193e+00 2.238195697527211703e+00
1.000000000000000000e+00 2.865098078183197838e+00 1.785064348749796581e+00
1.000000000000000000e+00 5.646167046229653153e+00 6.604744713134926837e-01
1.000000000000000000e+00 3.096178640389251502e+00 1.194664245899249355e+00
1.000000000000000000e+00 2.364616215288782630e+00 1.319716511555064198e+00
1.000000000000000000e+00 3.658164057194691843e+00 2.278681524232250677e+00
1.000000000000000000e+00 5.010591299926637987e+00 -1.492433320265286467e-01
1.000000000000000000e+00 2.510646597347092612e+00 2.488720527517334080e+00
1.000000000000000000e+00 4.174668734979435136e+00 -6.748079688913718455e-01
1.000000000000000000e+00 5.631031033972175415e+00 4.702711781071096664e-01
1.000000000000000000e+00 4.936867629670815383e+00 -9.817436102871760495e-01
1.000000000000000000e+00 2.201199489519436447e+00 2.529798875576211081e+00
1.000000000000000000e+00 3.235937641193712633e+00 2.936585604472808697e+00
1.000000000000000000e+00 2.710297205212345517e+00 1.956794059602248614e+00
1.000000000000000000e+00 2.417226436890798524e+00 3.047620932470777699e+00
